Version 1.2
******************************************** Units *******************************************
System CGS
TemperatureUnit C
MomentUnit emu
AppliedFieldUnit G
 
******************************************** Setup ********************************************
 
Experiment Hysteresis
Minor False
Acquisition PointByPoint
EditedPoint No
MaxField 10000
FieldIncrement 400
Points 101
MinField 0
RampRate 10
AverageTime 4
TimeInterval 0
TimeConstant 0.1
TimeConstantIndex 0
Sensitivity 0.1
SensitivityIndex 4
SensitivityY 0.1
SensitivityIndexY 4
SaturationField 8000
ExperimentTime 404
Use735Domains True
AutoRangeEnabled True
NumberOfVertices 3
VertexPts
0
50
100
VertexField
10000
-10000
10000
StartAngle 0
EndAngle 0
AngleIncrement 0
StartTemp 0
FinishTemp 0
TempIncrement 0
TempPoints 0
LengthofSetPointsArray 101
SetPointArray
10000
9600
9200
8800
8400
8000
7600
7200
6800
6400
6000
5600
5200
4800
4400
4000
3600
3200
2800
2400
2000
1600
1200
800
400
0
-400
-800
-1200
-1600
-2000
-2400
-2800
-3200
-3600
-4000
-4400
-4800
-5200
-5600
-6000
-6400
-6800
-7200
-7600
-8000
-8400
-8800
-9200
-9600
-10000
-9600
-9200
-8800
-8400
-8000
-7600
-7200
-6800
-6400
-6000
-5600
-5200
-4800
-4400
-4000
-3600
-3200
-2800
-2400
-2000
-1600
-1200
-800
-400
0
400
800
1200
1600
2000
2400
2800
3200
3600
4000
4400
4800
5200
5600
6000
6400
6800
7200
7600
8000
8400
8800
9200
9600
10000
FieldDomainFile C:\IDEASVSM\students\Experiments\hysteresis loop to 10000\fdomain.ini
TempDomainFile C:\IDEASVSM\students\Experiments\hysteresis loop to 10000\tdomain.ini
NumSelectedResults 0
ResultsSelected 
UserName1 
UserValue1 
UserName2 
UserValue2 
LinearBackgroundCorrection Off
MaxLinearFieldCorrection 
MinLinearFieldCorrection 
AutoLinearCorrection Off
FitOneRegion Off
BackgroundMode Off
BackgroundFilename 
AutoCenter Off
OffsetCorrection 
SmoothDeriv Off
DerivOrder 0
DerivPoints 0
MinExFieldOne 
MaxExFieldOne 
MinExFieldTwo 
MaxExFieldTwo 
MinPinFieldOne 
MaxPinFieldOne 
MinPinFieldTwo 
MaxPinFieldTwo 
HCenterStart 
Mass 
Volume 
Density 
MolarWeight 
NumberOfMoles 
Demagnetization 
SampleArea 
Thickness 
MomentScaling 0
XAxis 0
YAxis 0
SimpleSpinValve False
HsatMax 0
HsatMin 0
FieldAutoRange True
 
*************************************************** Experiment Data ********************************************
 
DataPoints 101
MomentX Data
9.1508
9.1454
9.1359
9.1245
9.1094
9.0888
9.0521
8.959
8.7327
8.3784
7.9649
7.5183
7.0385
6.5229
5.9822
5.4378
4.8942
4.3497
3.8054
3.262
2.7206
2.1688
1.6278
1.0866
0.5454
0.0048377
-0.53601
-1.0762
-1.6166
-2.1575
-2.6989
-3.2504
-3.7914
-4.3331
-4.8748
-5.4152
-5.9549
-6.4884
-7.0045
-7.4893
-7.9393
-8.3546
-8.7122
-8.9437
-9.0405
-9.0798
-9.1029
-9.1205
-9.1353
-9.1488
-9.1612
-9.156
-9.1445
-9.1314
-9.1148
-9.093
-9.0555
-8.9615
-8.7337
-8.3777
-7.9638
-7.515
-7.0342
-6.5169
-5.9775
-5.434
-4.8894
-4.3462
-3.8016
-3.2576
-2.714
-2.1648
-1.6228
-1.081
-0.53982
0.00073034
0.5414
1.083
1.6243
2.1658
2.7073
3.2541
3.7959
4.338
4.8794
5.4202
5.9602
6.4955
7.0112
7.4938
7.9436
8.357
8.7143
8.943
9.0384
9.0768
9.0991
9.1156
9.1293
9.1412
9.1521
MomentY Data
0.29022
0.29767
0.30985
0.32272
0.33651
0.35077
0.36503
0.37626
0.37797
0.37168
0.36094
0.34649
0.32876
0.30685
0.28206
0.25671
0.23132
0.20565
0.18003
0.15439
0.12879
0.10301
0.077305
0.05159
0.025866
0.000078073
-0.025588
-0.051168
-0.076786
-0.10233
-0.12788
-0.15349
-0.17893
-0.20432
-0.22965
-0.25489
-0.27992
-0.3042
-0.32633
-0.34475
-0.35935
-0.37025
-0.37673
-0.37538
-0.36471
-0.35104
-0.33739
-0.32447
-0.31251
-0.30164
-0.29138
-0.29941
-0.31103
-0.32351
-0.33706
-0.35119
-0.36516
-0.37606
-0.37766
-0.37123
-0.36033
-0.34588
-0.32801
-0.30607
-0.28133
-0.25601
-0.23063
-0.20507
-0.17944
-0.15383
-0.1282
-0.10251
-0.076856
-0.051175
-0.025582
0.000086495
0.025705
0.051199
0.076719
0.10216
0.12762
0.15291
0.17826
0.20354
0.22877
0.25381
0.27872
0.30292
0.32477
0.34292
0.3574
0.36792
0.37405
0.37237
0.3615
0.34769
0.33386
0.32077
0.30856
0.29707
0.28658
Field Data
9924.1
9648
9232.3
8823.4
8413.7
8008.7
7605.2
7202.6
6801.3
6401
6000.4
5600.6
5200.3
4800.3
4399.8
3999.9
3599.9
3199.8
2799.5
2399.5
1999.6
1599.1
1199.4
799.38
399.13
-0.94954
-400.94
-801.14
-1200.8
-1600.8
-2000.7
-2401
-2800.6
-3200.5
-3600.8
-4000.6
-4400.5
-4800
-5199.6
-5599.9
-5999
-6399.2
-6798.3
-7197.7
-7596.6
-7994.8
-8391.5
-8785.9
-9178.5
-9566.6
-9958.5
-9646.2
-9234.7
-8824.5
-8412.9
-8007.5
-7604.8
-7203
-6802.3
-6401.5
-6000.8
-5600.7
-5200.5
-4800
-4399.8
-4000
-3599.6
-3199.9
-2799.6
-2399.5
-1999.4
-1599.5
-1199.5
-799.43
-399.31
0.73267
400.78
800.85
1200.9
1600.9
2000.9
2400.6
2800.5
3200.6
3600.4
4000.2
4400
4800.2
5199.8
5599.4
5999.7
6398.5
6798.8
7197
7596.5
7994.2
8389.7
8784.9
9176.4
9570.8
9954.3
Time Data
0
13.018
26.027
39.056
52.064
65.093
78.102
91.121
104.15
117.17
130.18
143.21
156.22
169.25
182.25
195.28
208.29
224.31
240.35
256.37
272.38
288.4
304.43
320.45
336.47
353.5
372.54
388.55
404.57
420.59
436.62
452.64
468.66
484.69
497.72
510.72
523.74
536.77
549.78
562.81
575.82
588.84
601.87
614.88
627.89
640.92
653.93
666.96
679.98
692.99
706.01
719.03
732.05
745.06
758.09
771.1
784.13
797.14
810.17
823.18
836.21
849.22
862.24
875.26
888.27
901.3
914.31
930.34
946.36
962.38
978.4
994.42
1010.4
1026.5
1042.5
1059.5
1080.5
1096.6
1112.6
1128.6
1144.6
1160.7
1176.7
1192.7
1205.7
1218.7
1231.8
1244.8
1257.8
1270.8
1283.8
1296.9
1309.9
1322.9
1335.9
1348.9
1361.9
1375
1388
1401
1414
Temperature Data
0
0
0
0
0
0
0
0
0
0
0
0
0
0
0
0
0
0
0
0
0
0
0
0
0
0
0
0
0
0
0
0
0
0
0
0
0
0
0
0
0
0
0
0
0
0
0
0
0
0
0
0
0
0
0
0
0
0
0
0
0
0
0
0
0
0
0
0
0
0
0
0
0
0
0
0
0
0
0
0
0
0
0
0
0
0
0
0
0
0
0
0
0
0
0
0
0
0
0
0
0
Angle Data
0
0
0
0
0
0
0
0
0
0
0
0
0
0
0
0
0
0
0
0
0
0
0
0
0
0
0
0
0
0
0
0
0
0
0
0
0
0
0
0
0
0
0
0
0
0
0
0
0
0
0
0
0
0
0
0
0
0
0
0
0
0
0
0
0
0
0
0
0
0
0
0
0
0
0
0
0
0
0
0
0
0
0
0
0
0
0
0
0
0
0
0
0
0
0
0
0
0
0
0
0
Bx Data
0
0
0
0
0
0
0
0
0
0
0
0
0
0
0
0
0
0
0
0
0
0
0
0
0
0
0
0
0
0
0
0
0
0
0
0
0
0
0
0
0
0
0
0
0
0
0
0
0
0
0
0
0
0
0
0
0
0
0
0
0
0
0
0
0
0
0
0
0
0
0
0
0
0
0
0
0
0
0
0
0
0
0
0
0
0
0
0
0
0
0
0
0
0
0
0
0
0
0
0
0
Hint Data
0
0
0
0
0
0
0
0
0
0
0
0
0
0
0
0
0
0
0
0
0
0
0
0
0
0
0
0
0
0
0
0
0
0
0
0
0
0
0
0
0
0
0
0
0
0
0
0
0
0
0
0
0
0
0
0
0
0
0
0
0
0
0
0
0
0
0
0
0
0
0
0
0
0
0
0
0
0
0
0
0
0
0
0
0
0
0
0
0
0
0
0
0
0
0
0
0
0
0
0
0
Torque Data
2880.172302
2871.92016
2860.628155
2847.487648
2831.294187
2809.211699
2776.126156
2710.050276
2570.687361
2379.12368
2165.784376
1940.551894
1709.650628
1472.972055
1241.007588
1026.814329
832.728868
658.03887
503.993985
370.458805
257.528484
164.723291
92.719617
41.2400142
10.32389658
-0.00007413343642
10.25925272
40.99273152
92.2046288
163.809864
255.849516
368.52949
501.111358
653.92616
826.92372
1019.712934
1231.78796
1460.16
1696.785468
1930.565525
2155.74065
2369.3038
2561.123559
2701.872626
2770.555986
2806.494592
2831.208185
2850.760973
2868.373035
2885.669224
2901.70773
2888.168742
2872.268741
2854.813995
2835.652074
2812.153925
2776.968768
2708.76018
2568.956618
2376.428845
2162.268264
1937.170116
1705.816005
1469.136
1237.795734
1024.04
830.175748
656.203493
502.360224
369.115085
256.32308
163.964745
92.188772
40.91083025
10.21514842
0.00006337229165
10.3020499
41.00271915
92.1318471
163.547944
255.354858
367.075746
499.21713
651.450124
823.663508
1015.290762
1226.368
1454.076584
1688.739046
1920.146248
2144.29278
2354.13612
2543.09114
2679.94689
2746.13475
2779.503398
2800.985242
2817.932373
2831.469984
2843.197556
2852.703294
dMdH Data
1.95581311119154E-05
2.28530190040917E-05
2.78796771826855E-05
3.68562362704384E-05
5.0864197530864E-05
9.09541511772032E-05
2.31246895181321E-04
5.63917268876153E-04
8.8508618536098E-04
1.03220169745382E-03
1.11705852926463E-03
1.19860104921309E-03
0.001289
1.35006242197253E-03
1.36134033508377E-03
0.001359
1.36090977255686E-03
1.35973020234824E-03
0.0013585
1.3538384596149E-03
1.37777777777778E-03
1.35351513635227E-03
1.35293235338233E-03
1.35215490318551E-03
1.35113707639236E-03
1.35215149881325E-03
1.34980009995003E-03
1.35214932692789E-03
0.00135225
1.3538384596149E-03
1.37771671246565E-03
1.35385385385385E-03
1.35458864716179E-03
1.35323507369473E-03
1.35167583791896E-03
1.34958739684921E-03
1.33541927409262E-03
1.29154154154154E-03
1.21109168123907E-03
1.12753695815585E-03
1.03773113443278E-03
8.96016036081181E-04
5.79619429143717E-04
2.42667335171722E-04
9.8694123556004E-05
5.82304008066536E-05
4.46247464503039E-05
3.76974019358151E-05
3.47848492656499E-05
3.16407246746607E-05
1.66506564201042E-05
2.79465370595379E-05
3.19356411506617E-05
4.03304178814349E-05
5.37740503206727E-05
9.31214303451693E-05
2.33947237431561E-04
5.68505116046914E-04
8.88223552894211E-04
1.03294235088595E-03
1.12171957010747E-03
1.20139930034982E-03
1.2916354556804E-03
1.34782608695652E-03
1.35942971485743E-03
1.36013986013986E-03
1.35901926444834E-03
1.3604796402698E-03
1.35966008497876E-03
1.35866033491627E-03
1.37334333583396E-03
0.001355
1.3542630039743E-03
1.35254423672898E-03
1.35123170735762E-03
1.35151423207849E-03
1.35376309145899E-03
1.35308086489189E-03
0.00135375
0.00135375
1.36802601951464E-03
1.35483870967742E-03
1.35491127218195E-03
1.35417708854427E-03
1.35267633816909E-03
1.35067533766883E-03
1.3375812093953E-03
1.29054054054054E-03
1.20770770770771E-03
1.12365725705721E-03
1.03660982948846E-03
8.92580564576568E-04
5.74334505273732E-04
2.38798498122653E-04
9.65551923560501E-05
5.63843236409595E-05
4.17510121457507E-05
3.49936143039592E-05
3.01724137931007E-05
2.84224250325978E-05
2.84224250325978E-05
dMdT Data
0
0
0
0
0
0
0
0
0
0
0
0
0
0
0
0
0
0
0
0
0
0
0
0
0
0
0
0
0
0
0
0
0
0
0
0
0
0
0
0
0
0
0
0
0
0
0
0
0
0
0
0
0
0
0
0
0
0
0
0
0
0
0
0
0
0
0
0
0
0
0
0
0
0
0
0
0
0
0
0
0
0
0
0
0
0
0
0
0
0
0
0
0
0
0
0
0
0
0
0
0
 
*********************************************** Results ***************************************
 
TotalArea 488.145556253056
AreaFirstQuad 236.816995958444
AreaSecondQuad 1.21949005459964
AreaThirdQuad 250.109045289841
AreaFourthQuad 2.49501683466114E-05
Coercivity 2.35974505506224
PositiveCoercivity 0.192170546040171
NegativeCoercivity -4.52731956408431
Retentivity 3.19016281727365E-03
PositiveRetentivity 6.1206586995176E-03
NegativeRetentivity -2.59666935029706E-04
Magnetization 9.15665
PositiveMagnetization 9.1521
NegativeMagnetization -9.1612
Flatness -0.168771795668079
Squareness 3.483984663904E-04
SStar 1.78641014244345E-04
SFD1 0.500089320507122
SFD2 5764.03369119095
Slope 0
Intercept 0
SlopeAtHc 1.35215149881325E-03
dH1 1.17966175390612
dH2 13601.65
InitialSlope 1.95581311119154E-05
FieldAtHalfMs 0
FieldAtMs 9954.3
MomentMean 9.14399805940589E-02
MomentRMS 6.77260104472727
SFD3 0.999821358985755
dH3 2.35932350781224
UserField1 0
UserField2 0
CenterField 0
ExchangeField 0
ExchangeMoment 0
ExRegionOneIntercept 0
ExRegionOneSlope 0
ExRegionTwoIntercept 0
ExRegionTwoSlope 0
NegativeIntercept 0
NegativeSlope 0
AutoCenterOffset 0
PinningField 0
PinningMoment 0
PinRegionOneIntercept 0
PinRegionOneSlope 0
PinRegionTwoIntercept 0
PinRegionTwoSlope 0
PositiveIntercept 0
PositiveSlope 0
TotalOffset 0
BHMax 0
BCoercivity 0
BRetentivity 0
BNegativeCoercivity 0
BPositiveCoercivity 0
BNegativeRetentivity 0
BPositiveRetentivity 0
MomentYMean 2.45627295049509E-03
MomentYRMS 0.277075304562428
YOffCorrection 0
Mrt 0
Ms1 0
Ms2 0
Ms3 0
Hc2 0
Hex2 0
HsatValue 0
HsatIntercept 0
HsatSlope 0
CenterH 0
