0.000000000	0.600000000
0.000002000	0.600000000
0.000004000	0.600000000
0.000006000	0.600000000
0.000008000	0.600000000
0.000010000	0.800000000
0.000012000	1.000000000
0.000014000	0.800000000
0.000016000	1.000000000
0.000018000	1.000000000
0.000020000	1.000000000
0.000022000	1.000000000
0.000024000	1.000000000
0.000026000	1.000000000
0.000028000	1.000000000
0.000030000	1.000000000
0.000032000	0.800000000
0.000034000	0.800000000
0.000036000	0.600000000
0.000038000	0.600000000
0.000040000	0.600000000
0.000042000	0.600000000
0.000044000	0.600000000
0.000046000	0.600000000
0.000048000	0.600000000
0.000050000	0.400000000
0.000052000	0.400000000
0.000054000	0.200000000
0.000056000	0.200000000
0.000058000	0.200000000
0.000060000	0.000000000
0.000062000	0.000000000
0.000064000	0.000000000
0.000066000	0.000000000
0.000068000	0.000000000
0.000070000	0.000000000
0.000072000	0.000000000
0.000074000	-0.200000000
0.000076000	0.200000000
0.000078000	1.000000000
0.000080000	1.600000000
0.000082000	1.800000000
0.000084000	1.800000000
0.000086000	1.800000000
0.000088000	1.600000000
0.000090000	1.400000000
0.000092000	1.400000000
0.000094000	1.200000000
0.000096000	1.200000000
0.000098000	1.000000000
0.000100000	1.200000000
0.000102000	1.200000000
0.000104000	1.200000000
0.000106000	1.000000000
0.000108000	1.000000000
0.000110000	1.200000000
0.000112000	1.000000000
0.000114000	1.000000000
0.000116000	1.000000000
0.000118000	1.200000000
0.000120000	1.200000000
0.000122000	1.000000000
0.000124000	1.000000000
0.000126000	1.200000000
0.000128000	1.200000000
0.000130000	1.000000000
0.000132000	1.000000000
0.000134000	1.000000000
0.000136000	1.200000000
0.000138000	1.200000000
0.000140000	1.200000000
0.000142000	1.200000000
0.000144000	1.200000000
0.000146000	1.200000000
0.000148000	1.200000000
0.000150000	1.200000000
0.000152000	1.200000000
0.000154000	1.200000000
0.000156000	1.200000000
0.000158000	1.000000000
0.000160000	0.800000000
0.000162000	0.600000000
0.000164000	0.400000000
0.000166000	0.400000000
0.000168000	0.400000000
0.000170000	0.200000000
0.000172000	0.000000000
0.000174000	0.000000000
0.000176000	0.000000000
0.000178000	0.800000000
0.000180000	2.600000000
0.000182000	4.200000000
0.000184000	5.600000000
0.000186000	6.600000000
0.000188000	7.400000000
0.000190000	8.200000000
0.000192000	8.800000000
0.000194000	9.400000000
0.000196000	10.200000000
0.000198000	10.400000000
0.000200000	10.600000000
0.000202000	11.000000000
0.000204000	11.200000000
0.000206000	11.400000000
0.000208000	11.600000000
0.000210000	11.800000000
0.000212000	12.000000000
0.000214000	12.000000000
0.000216000	12.000000000
0.000218000	12.000000000
0.000220000	12.200000000
0.000222000	12.200000000
0.000224000	12.400000000
0.000226000	12.400000000
0.000228000	12.400000000
0.000230000	12.400000000
0.000232000	12.400000000
0.000234000	12.600000000
0.000236000	12.600000000
0.000238000	12.400000000
0.000240000	12.600000000
0.000242000	12.600000000
0.000244000	12.600000000
0.000246000	12.400000000
0.000248000	12.400000000
0.000250000	12.400000000
0.000252000	12.600000000
0.000254000	12.400000000
0.000256000	12.400000000
0.000258000	12.200000000
0.000260000	12.400000000
0.000262000	12.400000000
0.000264000	12.400000000
0.000266000	12.200000000
0.000268000	12.200000000
0.000270000	12.400000000
0.000272000	12.400000000
0.000274000	12.000000000
0.000276000	12.000000000
0.000278000	12.000000000
0.000280000	12.000000000
0.000282000	12.000000000
0.000284000	12.000000000
0.000286000	12.000000000
0.000288000	12.000000000
0.000290000	12.000000000
0.000292000	12.000000000
0.000294000	12.000000000
0.000296000	12.000000000
0.000298000	12.000000000
0.000300000	12.200000000
0.000302000	12.000000000
0.000304000	12.000000000
0.000306000	12.200000000
0.000308000	12.200000000
0.000310000	12.000000000
0.000312000	12.000000000
0.000314000	12.000000000
0.000316000	12.000000000
0.000318000	12.000000000
0.000320000	12.000000000
0.000322000	11.800000000
0.000324000	11.800000000
0.000326000	11.800000000
0.000328000	11.800000000
0.000330000	11.800000000
0.000332000	11.800000000
0.000334000	11.800000000
0.000336000	11.800000000
0.000338000	11.600000000
0.000340000	11.600000000
0.000342000	11.600000000
0.000344000	11.400000000
0.000346000	11.600000000
0.000348000	11.600000000
0.000350000	11.600000000
0.000352000	11.600000000
0.000354000	11.400000000
0.000356000	11.400000000
0.000358000	11.400000000
0.000360000	11.400000000
0.000362000	11.400000000
0.000364000	11.600000000
0.000366000	11.400000000
0.000368000	11.200000000
0.000370000	11.200000000
0.000372000	11.400000000
0.000374000	11.200000000
0.000376000	11.400000000
0.000378000	11.400000000
0.000380000	11.200000000
0.000382000	11.200000000
0.000384000	11.200000000
0.000386000	11.400000000
0.000388000	11.200000000
0.000390000	11.200000000
0.000392000	11.400000000
0.000394000	11.400000000
0.000396000	11.400000000
0.000398000	11.400000000
0.000400000	11.200000000
0.000402000	11.200000000
0.000404000	11.200000000
0.000406000	11.000000000
0.000408000	11.200000000
0.000410000	11.200000000
0.000412000	11.200000000
0.000414000	11.200000000
0.000416000	11.000000000
0.000418000	11.200000000
0.000420000	11.000000000
0.000422000	11.200000000
0.000424000	11.000000000
0.000426000	11.000000000
0.000428000	10.800000000
0.000430000	11.000000000
0.000432000	11.000000000
0.000434000	10.800000000
0.000436000	10.800000000
0.000438000	10.800000000
0.000440000	10.800000000
0.000442000	10.600000000
0.000444000	10.600000000
0.000446000	10.600000000
0.000448000	10.600000000
0.000450000	10.400000000
0.000452000	10.400000000
0.000454000	10.600000000
0.000456000	10.600000000
0.000458000	10.600000000
0.000460000	10.600000000
0.000462000	10.400000000
0.000464000	10.400000000
0.000466000	10.400000000
0.000468000	10.400000000
0.000470000	10.400000000
0.000472000	10.200000000
0.000474000	10.200000000
0.000476000	10.200000000
0.000478000	10.200000000
0.000480000	10.200000000
0.000482000	10.000000000
0.000484000	10.000000000
0.000486000	10.000000000
0.000488000	10.000000000
0.000490000	10.000000000
0.000492000	9.800000000
0.000494000	9.800000000
0.000496000	9.800000000
0.000498000	9.800000000
0.000500000	10.000000000
0.000502000	10.000000000
0.000504000	9.800000000
0.000506000	9.800000000
0.000508000	9.800000000
0.000510000	9.800000000
0.000512000	9.600000000
0.000514000	9.600000000
0.000516000	9.600000000
0.000518000	9.400000000
0.000520000	9.400000000
0.000522000	9.400000000
0.000524000	9.400000000
0.000526000	9.600000000
0.000528000	9.600000000
0.000530000	9.200000000
0.000532000	9.200000000
0.000534000	9.200000000
0.000536000	9.000000000
0.000538000	9.200000000
0.000540000	9.000000000
0.000542000	9.000000000
0.000544000	9.000000000
0.000546000	9.200000000
0.000548000	9.200000000
0.000550000	9.000000000
0.000552000	9.000000000
0.000554000	9.000000000
0.000556000	9.000000000
0.000558000	9.000000000
0.000560000	9.000000000
0.000562000	9.000000000
0.000564000	9.000000000
0.000566000	8.800000000
0.000568000	9.000000000
0.000570000	8.800000000
0.000572000	8.600000000
0.000574000	8.600000000
0.000576000	8.800000000
0.000578000	8.600000000
0.000580000	8.600000000
0.000582000	8.600000000
0.000584000	8.600000000
0.000586000	8.600000000
0.000588000	8.600000000
0.000590000	8.400000000
0.000592000	8.200000000
0.000594000	8.400000000
0.000596000	8.400000000
0.000598000	8.200000000
0.000600000	8.200000000
0.000602000	8.200000000
0.000604000	8.200000000
0.000606000	8.200000000
0.000608000	8.000000000
0.000610000	8.200000000
0.000612000	8.200000000
0.000614000	8.000000000
0.000616000	8.000000000
0.000618000	8.200000000
0.000620000	8.000000000
0.000622000	8.000000000
0.000624000	8.000000000
0.000626000	7.800000000
0.000628000	8.000000000
0.000630000	8.000000000
0.000632000	7.800000000
0.000634000	7.800000000
0.000636000	7.600000000
0.000638000	7.600000000
0.000640000	7.800000000
0.000642000	7.600000000
0.000644000	7.600000000
0.000646000	7.600000000
0.000648000	7.600000000
0.000650000	7.600000000
0.000652000	7.600000000
0.000654000	7.400000000
0.000656000	7.600000000
0.000658000	7.400000000
0.000660000	7.200000000
0.000662000	7.400000000
0.000664000	7.400000000
0.000666000	7.600000000
0.000668000	7.400000000
0.000670000	7.400000000
0.000672000	7.400000000
0.000674000	7.200000000
0.000676000	7.000000000
0.000678000	7.000000000
0.000680000	7.000000000
0.000682000	7.000000000
0.000684000	6.800000000
0.000686000	6.800000000
0.000688000	6.800000000
0.000690000	6.600000000
0.000692000	6.600000000
0.000694000	6.800000000
0.000696000	6.800000000
0.000698000	6.800000000
0.000700000	6.600000000
0.000702000	6.600000000
0.000704000	6.800000000
0.000706000	6.800000000
0.000708000	6.800000000
0.000710000	6.600000000
0.000712000	6.600000000
0.000714000	6.400000000
0.000716000	6.400000000
0.000718000	6.400000000
0.000720000	6.400000000
0.000722000	6.400000000
0.000724000	6.200000000
0.000726000	6.200000000
0.000728000	6.200000000
0.000730000	6.000000000
0.000732000	6.000000000
0.000734000	6.200000000
0.000736000	6.400000000
0.000738000	6.400000000
0.000740000	6.400000000
0.000742000	6.400000000
0.000744000	6.200000000
0.000746000	6.200000000
0.000748000	6.000000000
0.000750000	6.000000000
0.000752000	6.000000000
0.000754000	6.000000000
0.000756000	6.000000000
0.000758000	6.000000000
0.000760000	6.000000000
0.000762000	5.800000000
0.000764000	5.800000000
0.000766000	5.600000000
0.000768000	5.600000000
0.000770000	5.600000000
0.000772000	5.400000000
0.000774000	5.600000000
0.000776000	5.400000000
0.000778000	5.400000000
0.000780000	5.600000000
0.000782000	5.600000000
0.000784000	5.400000000
0.000786000	5.400000000
0.000788000	5.400000000
0.000790000	5.400000000
0.000792000	5.400000000
0.000794000	5.400000000
0.000796000	5.400000000
0.000798000	5.400000000
0.000800000	5.200000000
0.000802000	5.200000000
0.000804000	5.400000000
0.000806000	5.200000000
0.000808000	5.200000000
0.000810000	5.400000000
0.000812000	5.400000000
0.000814000	5.400000000
0.000816000	5.400000000
0.000818000	5.400000000
0.000820000	5.200000000
0.000822000	5.200000000
0.000824000	5.200000000
0.000826000	5.200000000
0.000828000	5.200000000
0.000830000	5.200000000
0.000832000	5.000000000
0.000834000	5.000000000
0.000836000	5.000000000
0.000838000	5.000000000
0.000840000	4.800000000
0.000842000	5.000000000
0.000844000	4.800000000
0.000846000	4.800000000
0.000848000	5.000000000
0.000850000	5.000000000
0.000852000	4.600000000
0.000854000	4.600000000
0.000856000	4.600000000
0.000858000	4.600000000
0.000860000	4.600000000
0.000862000	4.800000000
0.000864000	4.800000000
0.000866000	4.800000000
0.000868000	4.600000000
0.000870000	4.600000000
0.000872000	4.800000000
0.000874000	4.600000000
0.000876000	4.600000000
0.000878000	4.600000000
0.000880000	4.600000000
0.000882000	4.600000000
0.000884000	4.600000000
0.000886000	4.400000000
0.000888000	4.400000000
0.000890000	4.400000000
0.000892000	4.200000000
0.000894000	4.200000000
0.000896000	4.200000000
0.000898000	4.400000000
0.000900000	4.400000000
0.000902000	4.400000000
0.000904000	4.400000000
0.000906000	4.400000000
0.000908000	4.400000000
0.000910000	4.200000000
0.000912000	4.200000000
0.000914000	4.200000000
0.000916000	4.000000000
0.000918000	4.000000000
0.000920000	4.200000000
0.000922000	4.200000000
0.000924000	4.000000000
0.000926000	4.000000000
0.000928000	4.200000000
0.000930000	4.200000000
0.000932000	4.000000000
0.000934000	4.000000000
0.000936000	4.000000000
0.000938000	4.000000000
0.000940000	4.000000000
0.000942000	4.000000000
0.000944000	4.000000000
0.000946000	4.000000000
0.000948000	3.800000000
0.000950000	4.000000000
0.000952000	4.000000000
0.000954000	4.200000000
0.000956000	4.000000000
0.000958000	4.000000000
0.000960000	3.800000000
0.000962000	3.600000000
0.000964000	3.600000000
0.000966000	3.800000000
0.000968000	3.800000000
0.000970000	3.600000000
0.000972000	3.600000000
0.000974000	3.600000000
0.000976000	3.800000000
0.000978000	3.800000000
0.000980000	3.800000000
0.000982000	3.800000000
0.000984000	3.800000000
0.000986000	3.800000000
0.000988000	3.800000000
0.000990000	3.600000000
0.000992000	3.800000000
0.000994000	3.800000000
0.000996000	3.600000000
0.000998000	3.800000000
0.001000000	3.600000000
0.001002000	3.400000000
0.001004000	3.400000000
0.001006000	3.600000000
0.001008000	3.400000000
0.001010000	3.600000000
0.001012000	3.600000000
0.001014000	3.400000000
0.001016000	3.600000000
0.001018000	3.600000000
0.001020000	3.400000000
0.001022000	3.600000000
0.001024000	3.400000000
0.001026000	3.600000000
0.001028000	3.600000000
0.001030000	3.400000000
0.001032000	3.400000000
0.001034000	3.400000000
0.001036000	3.600000000
0.001038000	3.600000000
0.001040000	3.400000000
0.001042000	3.400000000
0.001044000	3.400000000
0.001046000	3.600000000
0.001048000	3.600000000
0.001050000	3.400000000
0.001052000	3.400000000
0.001054000	3.400000000
0.001056000	3.200000000
0.001058000	3.000000000
0.001060000	3.400000000
0.001062000	3.400000000
0.001064000	3.400000000
0.001066000	3.400000000
0.001068000	3.400000000
0.001070000	3.400000000
0.001072000	3.400000000
0.001074000	3.400000000
0.001076000	3.400000000
0.001078000	3.400000000
0.001080000	3.200000000
0.001082000	3.200000000
0.001084000	3.000000000
0.001086000	3.000000000
0.001088000	3.000000000
0.001090000	3.000000000
0.001092000	3.000000000
0.001094000	3.200000000
0.001096000	3.200000000
0.001098000	3.200000000
0.001100000	3.200000000
0.001102000	3.200000000
0.001104000	3.200000000
0.001106000	3.200000000
0.001108000	3.200000000
0.001110000	3.000000000
0.001112000	3.200000000
0.001114000	3.200000000
0.001116000	3.200000000
0.001118000	3.200000000
0.001120000	3.200000000
0.001122000	3.200000000
0.001124000	3.000000000
0.001126000	3.000000000
0.001128000	3.000000000
0.001130000	2.800000000
0.001132000	3.000000000
0.001134000	3.000000000
0.001136000	3.000000000
0.001138000	3.000000000
0.001140000	2.800000000
0.001142000	2.800000000
0.001144000	3.000000000
0.001146000	2.800000000
0.001148000	2.800000000
0.001150000	3.000000000
0.001152000	3.000000000
0.001154000	3.000000000
0.001156000	3.000000000
0.001158000	2.800000000
0.001160000	2.800000000
0.001162000	2.800000000
0.001164000	2.800000000
0.001166000	2.800000000
0.001168000	3.000000000
0.001170000	2.800000000
0.001172000	3.000000000
0.001174000	2.800000000
0.001176000	2.800000000
0.001178000	2.800000000
0.001180000	2.800000000
0.001182000	2.800000000
0.001184000	3.000000000
0.001186000	2.800000000
0.001188000	2.800000000
0.001190000	2.800000000
0.001192000	2.600000000
0.001194000	2.800000000
0.001196000	2.800000000
0.001198000	2.800000000
0.001200000	2.600000000
0.001202000	2.600000000
0.001204000	2.800000000
0.001206000	2.800000000
0.001208000	2.800000000
0.001210000	2.800000000
0.001212000	2.800000000
0.001214000	2.800000000
0.001216000	2.800000000
0.001218000	2.800000000
0.001220000	2.800000000
0.001222000	2.800000000
0.001224000	2.800000000
0.001226000	2.800000000
0.001228000	2.800000000
0.001230000	2.800000000
0.001232000	2.800000000
0.001234000	2.800000000
0.001236000	2.800000000
0.001238000	2.600000000
0.001240000	2.600000000
0.001242000	2.600000000
0.001244000	2.600000000
0.001246000	2.600000000
0.001248000	2.800000000
0.001250000	2.800000000
0.001252000	2.800000000
0.001254000	2.600000000
0.001256000	2.400000000
0.001258000	2.600000000
0.001260000	2.600000000
0.001262000	2.800000000
0.001264000	2.800000000
0.001266000	2.600000000
0.001268000	2.400000000
0.001270000	2.600000000
0.001272000	2.600000000
0.001274000	2.600000000
0.001276000	2.600000000
0.001278000	2.800000000
0.001280000	2.600000000
0.001282000	2.600000000
0.001284000	2.600000000
0.001286000	2.600000000
0.001288000	2.600000000
0.001290000	2.600000000
0.001292000	2.600000000
0.001294000	2.600000000
0.001296000	2.600000000
0.001298000	2.600000000
0.001300000	2.600000000
0.001302000	2.600000000
0.001304000	2.600000000
0.001306000	2.600000000
0.001308000	2.400000000
0.001310000	2.600000000
0.001312000	2.600000000
0.001314000	2.600000000
0.001316000	2.600000000
0.001318000	2.400000000
0.001320000	2.400000000
0.001322000	2.600000000
0.001324000	2.400000000
0.001326000	2.400000000
0.001328000	2.600000000
0.001330000	2.400000000
0.001332000	2.400000000
0.001334000	2.400000000
0.001336000	2.400000000
0.001338000	2.400000000
0.001340000	2.400000000
0.001342000	2.400000000
0.001344000	2.400000000
0.001346000	2.400000000
0.001348000	2.400000000
0.001350000	2.600000000
0.001352000	2.400000000
0.001354000	2.400000000
0.001356000	2.400000000
0.001358000	2.400000000
0.001360000	2.400000000
0.001362000	2.200000000
0.001364000	2.200000000
0.001366000	2.200000000
0.001368000	2.200000000
0.001370000	2.200000000
0.001372000	2.000000000
0.001374000	2.200000000
0.001376000	2.200000000
0.001378000	2.200000000
0.001380000	2.000000000
0.001382000	2.200000000
0.001384000	2.200000000
0.001386000	2.400000000
0.001388000	2.400000000
0.001390000	2.200000000
0.001392000	2.200000000
0.001394000	2.200000000
0.001396000	2.400000000
0.001398000	2.200000000
0.001400000	2.200000000
0.001402000	2.200000000
0.001404000	2.400000000
0.001406000	2.200000000
0.001408000	2.200000000
0.001410000	2.200000000
0.001412000	2.200000000
0.001414000	2.200000000
0.001416000	2.200000000
0.001418000	2.000000000
0.001420000	2.000000000
0.001422000	2.000000000
0.001424000	2.200000000
0.001426000	2.200000000
0.001428000	2.200000000
0.001430000	2.200000000
0.001432000	2.200000000
0.001434000	2.200000000
0.001436000	2.200000000
0.001438000	2.200000000
0.001440000	2.200000000
0.001442000	2.000000000
0.001444000	2.000000000
0.001446000	2.200000000
0.001448000	2.200000000
0.001450000	2.200000000
0.001452000	2.200000000
0.001454000	2.000000000
0.001456000	2.000000000
0.001458000	2.000000000
0.001460000	2.000000000
0.001462000	2.000000000
0.001464000	2.000000000
0.001466000	2.000000000
0.001468000	2.000000000
0.001470000	1.800000000
0.001472000	2.000000000
0.001474000	1.800000000
0.001476000	1.800000000
0.001478000	1.800000000
0.001480000	2.000000000
0.001482000	2.000000000
0.001484000	1.800000000
0.001486000	1.600000000
0.001488000	1.800000000
0.001490000	2.000000000
0.001492000	1.800000000
0.001494000	1.800000000
0.001496000	1.800000000
0.001498000	1.800000000
0.001500000	2.000000000
0.001502000	2.000000000
0.001504000	2.000000000
0.001506000	1.800000000
0.001508000	2.000000000
0.001510000	2.000000000
0.001512000	1.800000000
0.001514000	1.800000000
0.001516000	2.000000000
0.001518000	2.000000000
0.001520000	2.000000000
0.001522000	2.200000000
0.001524000	2.000000000
0.001526000	1.800000000
0.001528000	1.600000000
0.001530000	1.800000000
0.001532000	1.800000000
0.001534000	2.000000000
0.001536000	2.000000000
0.001538000	2.000000000
0.001540000	1.800000000
0.001542000	2.000000000
0.001544000	2.000000000
0.001546000	1.800000000
0.001548000	2.000000000
0.001550000	2.000000000
0.001552000	2.000000000
0.001554000	2.000000000
0.001556000	2.000000000
0.001558000	2.000000000
0.001560000	2.000000000
0.001562000	2.000000000
0.001564000	1.800000000
0.001566000	1.800000000
0.001568000	1.800000000
0.001570000	1.800000000
0.001572000	1.800000000
0.001574000	1.600000000
0.001576000	1.600000000
0.001578000	1.600000000
0.001580000	1.600000000
0.001582000	1.800000000
0.001584000	2.000000000
0.001586000	1.800000000
0.001588000	2.000000000
0.001590000	1.800000000
0.001592000	1.800000000
0.001594000	1.800000000
0.001596000	1.800000000
0.001598000	1.800000000
0.001600000	1.800000000
0.001602000	1.800000000
0.001604000	1.800000000
0.001606000	2.000000000
0.001608000	2.000000000
0.001610000	2.000000000
0.001612000	1.800000000
0.001614000	1.800000000
0.001616000	1.600000000
0.001618000	1.600000000
0.001620000	1.600000000
0.001622000	1.800000000
0.001624000	1.800000000
0.001626000	1.600000000
0.001628000	1.800000000
0.001630000	1.600000000
0.001632000	1.600000000
0.001634000	1.600000000
0.001636000	1.600000000
0.001638000	1.600000000
0.001640000	1.800000000
0.001642000	1.600000000
0.001644000	1.800000000
0.001646000	1.800000000
0.001648000	1.800000000
0.001650000	1.600000000
0.001652000	1.400000000
0.001654000	1.600000000
0.001656000	1.600000000
0.001658000	1.400000000
0.001660000	1.400000000
0.001662000	1.600000000
0.001664000	1.600000000
0.001666000	1.600000000
0.001668000	1.600000000
0.001670000	1.600000000
0.001672000	1.600000000
0.001674000	1.600000000
0.001676000	1.600000000
0.001678000	1.600000000
0.001680000	1.600000000
0.001682000	1.800000000
0.001684000	1.800000000
0.001686000	1.600000000
0.001688000	1.600000000
0.001690000	1.600000000
0.001692000	1.600000000
0.001694000	1.600000000
0.001696000	1.600000000
0.001698000	1.600000000
0.001700000	1.600000000
0.001702000	1.600000000
0.001704000	1.400000000
0.001706000	1.400000000
0.001708000	1.400000000
0.001710000	1.400000000
0.001712000	1.400000000
0.001714000	1.400000000
0.001716000	1.400000000
0.001718000	1.200000000
0.001720000	1.400000000
0.001722000	1.400000000
0.001724000	1.400000000
0.001726000	1.400000000
0.001728000	1.400000000
0.001730000	1.600000000
0.001732000	1.600000000
0.001734000	1.400000000
0.001736000	1.400000000
0.001738000	1.400000000
0.001740000	1.400000000
0.001742000	1.200000000
0.001744000	1.000000000
0.001746000	1.200000000
0.001748000	1.200000000
0.001750000	1.400000000
0.001752000	1.400000000
0.001754000	1.600000000
0.001756000	1.600000000
0.001758000	1.400000000
0.001760000	1.400000000
0.001762000	1.400000000
0.001764000	1.400000000
0.001766000	1.400000000
0.001768000	1.400000000
0.001770000	1.600000000
0.001772000	1.600000000
0.001774000	1.600000000
0.001776000	1.400000000
0.001778000	1.400000000
0.001780000	1.400000000
0.001782000	1.200000000
0.001784000	1.200000000
0.001786000	1.200000000
0.001788000	1.400000000
0.001790000	1.400000000
0.001792000	1.200000000
0.001794000	1.400000000
0.001796000	1.400000000
0.001798000	1.600000000
0.001800000	1.400000000
0.001802000	1.600000000
0.001804000	1.600000000
0.001806000	1.400000000
0.001808000	1.400000000
0.001810000	1.200000000
0.001812000	1.600000000
0.001814000	1.400000000
0.001816000	1.400000000
0.001818000	1.400000000
0.001820000	1.400000000
0.001822000	1.400000000
0.001824000	1.400000000
0.001826000	1.600000000
0.001828000	1.400000000
0.001830000	1.400000000
0.001832000	1.400000000
0.001834000	1.400000000
0.001836000	1.400000000
0.001838000	1.400000000
0.001840000	1.400000000
0.001842000	1.600000000
0.001844000	1.400000000
0.001846000	1.200000000
0.001848000	1.400000000
0.001850000	1.400000000
0.001852000	1.400000000
0.001854000	1.400000000
0.001856000	1.400000000
0.001858000	1.400000000
0.001860000	1.600000000
0.001862000	1.400000000
0.001864000	1.200000000
0.001866000	1.200000000
0.001868000	1.200000000
0.001870000	1.000000000
0.001872000	1.200000000
0.001874000	1.000000000
0.001876000	1.200000000
0.001878000	1.200000000
0.001880000	1.400000000
0.001882000	1.200000000
0.001884000	1.200000000
0.001886000	1.400000000
0.001888000	1.200000000
0.001890000	1.200000000
0.001892000	1.200000000
0.001894000	1.200000000
0.001896000	1.200000000
0.001898000	1.200000000
0.001900000	1.200000000
0.001902000	1.200000000
0.001904000	1.200000000
0.001906000	1.200000000
0.001908000	1.200000000
0.001910000	1.000000000
0.001912000	1.000000000
0.001914000	1.000000000
0.001916000	1.000000000
0.001918000	1.000000000
0.001920000	1.000000000
0.001922000	1.000000000
0.001924000	1.000000000
0.001926000	1.000000000
0.001928000	1.000000000
0.001930000	1.200000000
0.001932000	1.200000000
0.001934000	1.200000000
0.001936000	1.200000000
0.001938000	1.200000000
0.001940000	1.000000000
0.001942000	1.000000000
0.001944000	1.000000000
0.001946000	1.200000000
0.001948000	1.200000000
0.001950000	1.000000000
0.001952000	1.000000000
0.001954000	0.800000000
0.001956000	1.000000000
0.001958000	1.000000000
0.001960000	1.000000000
0.001962000	1.000000000
0.001964000	1.000000000
0.001966000	1.000000000
0.001968000	1.000000000
0.001970000	1.000000000
0.001972000	1.000000000
0.001974000	1.000000000
0.001976000	1.200000000
0.001978000	1.200000000
0.001980000	1.200000000
0.001982000	1.200000000
0.001984000	1.200000000
0.001986000	1.000000000
0.001988000	1.000000000
0.001990000	1.000000000
0.001992000	0.800000000
0.001994000	1.000000000
0.001996000	1.000000000
0.001998000	1.000000000
0.002000000	1.000000000
0.002002000	1.200000000
0.002004000	1.200000000
0.002006000	1.200000000
0.002008000	1.200000000
0.002010000	1.000000000
0.002012000	1.200000000
0.002014000	1.000000000
0.002016000	1.000000000
0.002018000	1.000000000
0.002020000	1.200000000
0.002022000	1.400000000
0.002024000	1.200000000
0.002026000	1.200000000
0.002028000	1.200000000
0.002030000	1.000000000
0.002032000	1.000000000
0.002034000	1.000000000
0.002036000	1.000000000
0.002038000	1.000000000
0.002040000	1.000000000
0.002042000	1.000000000
0.002044000	1.000000000
0.002046000	1.000000000
0.002048000	1.000000000
0.002050000	1.200000000
0.002052000	1.200000000
0.002054000	1.200000000
0.002056000	1.000000000
0.002058000	1.000000000
0.002060000	1.000000000
0.002062000	1.000000000
0.002064000	1.200000000
0.002066000	1.400000000
0.002068000	1.400000000
0.002070000	1.200000000
0.002072000	1.000000000
0.002074000	1.000000000
0.002076000	1.000000000
0.002078000	0.800000000
0.002080000	0.800000000
0.002082000	0.800000000
0.002084000	1.000000000
0.002086000	1.000000000
0.002088000	1.000000000
0.002090000	1.000000000
0.002092000	1.000000000
0.002094000	1.000000000
0.002096000	1.000000000
0.002098000	1.000000000
0.002100000	1.000000000
0.002102000	1.000000000
0.002104000	1.000000000
0.002106000	1.000000000
0.002108000	1.000000000
0.002110000	0.800000000
0.002112000	1.000000000
0.002114000	0.800000000
0.002116000	0.800000000
0.002118000	0.800000000
0.002120000	0.800000000
0.002122000	0.800000000
0.002124000	1.000000000
0.002126000	1.000000000
0.002128000	1.000000000
0.002130000	1.000000000
0.002132000	1.000000000
0.002134000	1.000000000
0.002136000	1.000000000
0.002138000	1.000000000
0.002140000	1.000000000
0.002142000	0.800000000
0.002144000	0.800000000
0.002146000	1.000000000
0.002148000	1.000000000
0.002150000	1.000000000
0.002152000	0.800000000
0.002154000	1.000000000
0.002156000	1.000000000
0.002158000	1.000000000
0.002160000	1.000000000
0.002162000	0.800000000
0.002164000	0.800000000
0.002166000	0.800000000
0.002168000	0.800000000
0.002170000	0.800000000
0.002172000	0.600000000
0.002174000	0.800000000
0.002176000	0.800000000
0.002178000	1.000000000
0.002180000	0.800000000
0.002182000	0.800000000
0.002184000	0.800000000
0.002186000	0.800000000
0.002188000	0.800000000
0.002190000	0.800000000
0.002192000	0.800000000
0.002194000	1.000000000
0.002196000	0.800000000
0.002198000	1.000000000
0.002200000	1.000000000
0.002202000	0.800000000
0.002204000	1.000000000
0.002206000	1.000000000
0.002208000	0.800000000
0.002210000	0.800000000
0.002212000	0.800000000
0.002214000	0.800000000
0.002216000	1.000000000
0.002218000	0.800000000
0.002220000	0.800000000
0.002222000	1.000000000
0.002224000	0.800000000
0.002226000	0.800000000
0.002228000	0.600000000
0.002230000	0.800000000
0.002232000	0.600000000
0.002234000	0.800000000
0.002236000	0.800000000
0.002238000	0.600000000
0.002240000	0.800000000
0.002242000	1.000000000
0.002244000	1.000000000
0.002246000	1.000000000
0.002248000	1.000000000
0.002250000	1.000000000
0.002252000	1.000000000
0.002254000	1.000000000
0.002256000	1.000000000
0.002258000	0.800000000
0.002260000	0.800000000
0.002262000	1.000000000
0.002264000	1.000000000
0.002266000	1.000000000
0.002268000	1.000000000
0.002270000	1.000000000
0.002272000	1.200000000
0.002274000	1.000000000
0.002276000	1.000000000
0.002278000	1.000000000
0.002280000	1.000000000
0.002282000	1.000000000
0.002284000	1.000000000
0.002286000	0.800000000
0.002288000	1.000000000
0.002290000	1.000000000
0.002292000	1.000000000
0.002294000	1.000000000
0.002296000	1.000000000
0.002298000	1.000000000
0.002300000	1.000000000
0.002302000	1.200000000
0.002304000	1.000000000
0.002306000	1.000000000
0.002308000	1.000000000
0.002310000	0.800000000
0.002312000	0.600000000
0.002314000	0.600000000
0.002316000	0.800000000
0.002318000	0.800000000
0.002320000	0.800000000
0.002322000	0.800000000
0.002324000	0.800000000
0.002326000	0.800000000
0.002328000	0.800000000
0.002330000	0.800000000
0.002332000	0.800000000
0.002334000	0.800000000
0.002336000	1.000000000
0.002338000	0.800000000
0.002340000	0.800000000
0.002342000	0.800000000
0.002344000	1.000000000
0.002346000	1.000000000
0.002348000	0.800000000
0.002350000	0.800000000
0.002352000	0.800000000
0.002354000	0.600000000
0.002356000	0.600000000
0.002358000	0.600000000
0.002360000	0.600000000
0.002362000	0.600000000
0.002364000	0.600000000
0.002366000	0.600000000
0.002368000	0.600000000
0.002370000	0.600000000
0.002372000	0.600000000
0.002374000	0.800000000
0.002376000	0.600000000
0.002378000	0.800000000
0.002380000	0.800000000
0.002382000	0.600000000
0.002384000	0.600000000
0.002386000	0.800000000
0.002388000	0.800000000
0.002390000	1.000000000
0.002392000	1.000000000
0.002394000	1.000000000
0.002396000	1.000000000
0.002398000	0.800000000
0.002400000	0.800000000
0.002402000	0.800000000
0.002404000	0.800000000
0.002406000	0.800000000
0.002408000	1.000000000
0.002410000	0.800000000
0.002412000	0.800000000
0.002414000	0.800000000
0.002416000	0.800000000
0.002418000	1.000000000
0.002420000	1.000000000
0.002422000	1.000000000
0.002424000	1.000000000
0.002426000	1.000000000
0.002428000	1.000000000
0.002430000	1.000000000
0.002432000	1.000000000
0.002434000	1.000000000
0.002436000	0.800000000
0.002438000	0.800000000
0.002440000	0.600000000
0.002442000	0.600000000
0.002444000	0.600000000
0.002446000	0.800000000
0.002448000	1.000000000
0.002450000	1.000000000
0.002452000	1.000000000
0.002454000	0.800000000
0.002456000	0.800000000
0.002458000	0.800000000
0.002460000	0.800000000
0.002462000	0.800000000
0.002464000	0.800000000
0.002466000	0.800000000
0.002468000	0.800000000
0.002470000	0.800000000
0.002472000	0.800000000
0.002474000	0.800000000
0.002476000	0.600000000
0.002478000	0.600000000
0.002480000	0.400000000
0.002482000	0.400000000
0.002484000	0.600000000
0.002486000	0.600000000
0.002488000	0.600000000
0.002490000	0.600000000
0.002492000	0.800000000
0.002494000	0.800000000
0.002496000	0.800000000
0.002498000	0.800000000
0.002500000	0.800000000
0.002502000	0.800000000
0.002504000	0.800000000
0.002506000	0.800000000
0.002508000	1.000000000
0.002510000	1.000000000
0.002512000	1.000000000
0.002514000	0.800000000
0.002516000	1.000000000
0.002518000	0.800000000
0.002520000	0.800000000
0.002522000	0.800000000
0.002524000	0.600000000
0.002526000	0.800000000
0.002528000	0.600000000
0.002530000	0.800000000
0.002532000	0.800000000
0.002534000	0.600000000
0.002536000	0.800000000
0.002538000	0.800000000
0.002540000	0.800000000
0.002542000	0.800000000
0.002544000	0.600000000
0.002546000	0.600000000
0.002548000	0.800000000
0.002550000	0.800000000
0.002552000	1.000000000
0.002554000	0.800000000
0.002556000	1.000000000
0.002558000	1.000000000
0.002560000	1.000000000
0.002562000	1.000000000
0.002564000	1.000000000
0.002566000	1.000000000
0.002568000	1.000000000
0.002570000	1.000000000
0.002572000	1.000000000
0.002574000	1.000000000
0.002576000	1.000000000
0.002578000	1.000000000
0.002580000	1.000000000
0.002582000	1.000000000
0.002584000	1.000000000
0.002586000	1.000000000
0.002588000	1.000000000
0.002590000	0.800000000
0.002592000	0.800000000
0.002594000	1.000000000
0.002596000	1.000000000
0.002598000	0.800000000
0.002600000	0.800000000
0.002602000	0.800000000
0.002604000	0.800000000
0.002606000	0.600000000
0.002608000	0.600000000
0.002610000	0.800000000
0.002612000	0.800000000
0.002614000	0.800000000
0.002616000	0.800000000
0.002618000	0.800000000
0.002620000	0.800000000
0.002622000	0.600000000
0.002624000	0.800000000
0.002626000	0.800000000
0.002628000	0.800000000
0.002630000	0.600000000
0.002632000	0.600000000
0.002634000	0.600000000
0.002636000	0.600000000
0.002638000	0.600000000
0.002640000	0.800000000
0.002642000	0.600000000
0.002644000	0.600000000
0.002646000	0.600000000
0.002648000	0.600000000
0.002650000	0.600000000
0.002652000	0.600000000
0.002654000	0.600000000
0.002656000	0.600000000
0.002658000	0.600000000
0.002660000	0.600000000
0.002662000	0.800000000
0.002664000	0.800000000
0.002666000	0.800000000
0.002668000	1.000000000
0.002670000	1.000000000
0.002672000	1.000000000
0.002674000	1.000000000
0.002676000	1.000000000
0.002678000	1.000000000
0.002680000	0.800000000
0.002682000	0.800000000
0.002684000	0.800000000
0.002686000	0.800000000
0.002688000	1.000000000
0.002690000	0.800000000
0.002692000	0.800000000
0.002694000	0.800000000
0.002696000	0.800000000
0.002698000	0.600000000
0.002700000	0.800000000
0.002702000	1.000000000
0.002704000	0.800000000
0.002706000	1.000000000
0.002708000	1.000000000
0.002710000	0.800000000
0.002712000	0.800000000
0.002714000	0.800000000
0.002716000	0.800000000
0.002718000	0.800000000
0.002720000	0.800000000
0.002722000	0.800000000
0.002724000	0.800000000
0.002726000	0.600000000
0.002728000	0.800000000
0.002730000	0.600000000
0.002732000	0.600000000
0.002734000	0.600000000
0.002736000	0.600000000
0.002738000	0.400000000
0.002740000	0.400000000
0.002742000	0.600000000
0.002744000	0.800000000
0.002746000	0.800000000
0.002748000	0.800000000
0.002750000	1.000000000
0.002752000	0.800000000
0.002754000	0.800000000
0.002756000	0.800000000
0.002758000	1.000000000
0.002760000	1.000000000
0.002762000	0.800000000
0.002764000	0.800000000
0.002766000	0.800000000
0.002768000	0.800000000
0.002770000	0.800000000
0.002772000	0.800000000
0.002774000	0.800000000
0.002776000	0.600000000
0.002778000	0.600000000
0.002780000	0.600000000
0.002782000	0.600000000
0.002784000	0.800000000
0.002786000	0.800000000
0.002788000	0.800000000
0.002790000	0.800000000
0.002792000	0.800000000
0.002794000	0.800000000
0.002796000	1.000000000
0.002798000	0.800000000
0.002800000	0.600000000
0.002802000	0.600000000
0.002804000	0.800000000
0.002806000	0.800000000
0.002808000	0.800000000
0.002810000	0.800000000
0.002812000	0.800000000
0.002814000	0.800000000
0.002816000	0.600000000
0.002818000	0.800000000
0.002820000	0.600000000
0.002822000	0.600000000
0.002824000	0.800000000
0.002826000	0.800000000
0.002828000	0.600000000
0.002830000	0.800000000
0.002832000	0.800000000
0.002834000	0.800000000
0.002836000	0.800000000
0.002838000	0.800000000
0.002840000	1.000000000
0.002842000	0.800000000
0.002844000	0.800000000
0.002846000	0.800000000
0.002848000	0.600000000
0.002850000	0.800000000
0.002852000	0.800000000
0.002854000	0.600000000
0.002856000	0.600000000
0.002858000	0.600000000
0.002860000	0.600000000
0.002862000	0.600000000
0.002864000	0.800000000
0.002866000	0.600000000
0.002868000	0.600000000
0.002870000	0.800000000
0.002872000	0.600000000
0.002874000	0.600000000
0.002876000	0.800000000
0.002878000	0.800000000
0.002880000	0.800000000
0.002882000	1.000000000
0.002884000	1.000000000
0.002886000	0.800000000
0.002888000	0.800000000
0.002890000	0.800000000
0.002892000	0.800000000
0.002894000	0.600000000
0.002896000	0.600000000
0.002898000	0.600000000
0.002900000	0.800000000
0.002902000	0.600000000
0.002904000	0.600000000
0.002906000	0.600000000
0.002908000	0.400000000
0.002910000	0.600000000
0.002912000	0.400000000
0.002914000	0.600000000
0.002916000	0.600000000
0.002918000	0.600000000
0.002920000	0.800000000
0.002922000	0.800000000
0.002924000	0.800000000
0.002926000	0.600000000
0.002928000	0.600000000
0.002930000	0.600000000
0.002932000	0.600000000
0.002934000	0.600000000
0.002936000	0.400000000
0.002938000	0.600000000
0.002940000	0.600000000
0.002942000	0.400000000
0.002944000	0.400000000
0.002946000	0.400000000
0.002948000	0.400000000
0.002950000	0.600000000
0.002952000	0.600000000
0.002954000	0.600000000
0.002956000	0.600000000
0.002958000	0.600000000
0.002960000	0.600000000
0.002962000	0.600000000
0.002964000	0.800000000
0.002966000	0.800000000
0.002968000	0.800000000
0.002970000	0.600000000
0.002972000	0.600000000
0.002974000	0.600000000
0.002976000	0.600000000
0.002978000	0.600000000
0.002980000	0.600000000
0.002982000	0.600000000
0.002984000	0.400000000
0.002986000	0.600000000
0.002988000	0.600000000
0.002990000	0.600000000
0.002992000	0.600000000
0.002994000	1.000000000
0.002996000	1.000000000
0.002998000	0.800000000
0.003000000	0.800000000
0.003002000	1.000000000
0.003004000	1.000000000
0.003006000	1.000000000
0.003008000	0.800000000
0.003010000	1.000000000
0.003012000	0.800000000
0.003014000	0.800000000
0.003016000	0.800000000
0.003018000	1.000000000
0.003020000	1.000000000
0.003022000	0.800000000
0.003024000	0.800000000
0.003026000	0.600000000
0.003028000	0.600000000
0.003030000	0.400000000
0.003032000	0.600000000
0.003034000	0.600000000
0.003036000	0.600000000
0.003038000	0.800000000
0.003040000	0.800000000
0.003042000	0.800000000
0.003044000	0.800000000
0.003046000	0.600000000
0.003048000	0.800000000
0.003050000	0.800000000
0.003052000	0.600000000
0.003054000	0.600000000
0.003056000	0.800000000
0.003058000	0.600000000
0.003060000	0.800000000
0.003062000	0.800000000
0.003064000	0.800000000
0.003066000	0.800000000
0.003068000	1.000000000
0.003070000	1.000000000
0.003072000	0.800000000
0.003074000	0.600000000
0.003076000	0.600000000
0.003078000	0.800000000
0.003080000	0.600000000
0.003082000	0.800000000
0.003084000	1.000000000
0.003086000	1.000000000
0.003088000	1.000000000
0.003090000	1.000000000
0.003092000	1.000000000
0.003094000	1.000000000
0.003096000	1.000000000
0.003098000	0.800000000
0.003100000	0.800000000
0.003102000	0.800000000
0.003104000	0.800000000
0.003106000	0.600000000
0.003108000	0.600000000
0.003110000	0.600000000
0.003112000	0.400000000
0.003114000	0.600000000
0.003116000	0.600000000
0.003118000	0.600000000
0.003120000	0.600000000
0.003122000	0.600000000
0.003124000	0.600000000
0.003126000	0.800000000
0.003128000	0.800000000
0.003130000	0.800000000
0.003132000	0.600000000
0.003134000	0.600000000
0.003136000	0.600000000
0.003138000	0.800000000
0.003140000	0.600000000
0.003142000	0.600000000
0.003144000	0.800000000
0.003146000	0.800000000
0.003148000	0.800000000
0.003150000	0.800000000
0.003152000	1.000000000
0.003154000	0.800000000
0.003156000	0.800000000
0.003158000	1.000000000
0.003160000	1.000000000
0.003162000	0.800000000
0.003164000	0.800000000
0.003166000	0.800000000
0.003168000	0.600000000
0.003170000	0.800000000
0.003172000	0.800000000
0.003174000	0.800000000
0.003176000	0.800000000
0.003178000	0.600000000
0.003180000	0.800000000
0.003182000	0.800000000
0.003184000	0.800000000
0.003186000	0.800000000
0.003188000	1.000000000
0.003190000	0.800000000
0.003192000	0.800000000
0.003194000	0.800000000
0.003196000	1.000000000
0.003198000	0.800000000
0.003200000	0.800000000
0.003202000	0.800000000
0.003204000	0.600000000
0.003206000	0.600000000
0.003208000	0.600000000
0.003210000	0.600000000
0.003212000	0.600000000
0.003214000	0.600000000
0.003216000	0.600000000
0.003218000	0.600000000
0.003220000	0.400000000
0.003222000	0.400000000
0.003224000	0.600000000
0.003226000	0.600000000
0.003228000	0.600000000
0.003230000	0.600000000
0.003232000	0.800000000
0.003234000	0.800000000
0.003236000	0.600000000
0.003238000	0.800000000
0.003240000	0.600000000
0.003242000	0.400000000
0.003244000	0.600000000
0.003246000	0.800000000
0.003248000	0.600000000
0.003250000	0.800000000
0.003252000	0.600000000
0.003254000	0.600000000
0.003256000	0.600000000
0.003258000	0.600000000
0.003260000	0.800000000
0.003262000	0.600000000
0.003264000	0.600000000
0.003266000	0.800000000
0.003268000	0.600000000
0.003270000	0.800000000
0.003272000	0.600000000
0.003274000	0.600000000
0.003276000	0.600000000
0.003278000	0.600000000
0.003280000	0.600000000
0.003282000	0.600000000
0.003284000	0.600000000
0.003286000	0.600000000
0.003288000	0.400000000
0.003290000	0.400000000
0.003292000	0.600000000
0.003294000	0.800000000
0.003296000	0.600000000
0.003298000	0.800000000
0.003300000	0.800000000
0.003302000	0.800000000
0.003304000	1.000000000
0.003306000	1.000000000
0.003308000	0.600000000
0.003310000	0.800000000
0.003312000	0.800000000
0.003314000	0.800000000
0.003316000	0.800000000
0.003318000	0.800000000
0.003320000	0.800000000
0.003322000	0.600000000
0.003324000	0.600000000
0.003326000	0.600000000
0.003328000	0.600000000
0.003330000	0.600000000
0.003332000	0.600000000
0.003334000	0.600000000
0.003336000	0.600000000
0.003338000	0.600000000
0.003340000	0.400000000
0.003342000	0.400000000
0.003344000	0.600000000
0.003346000	0.400000000
0.003348000	0.600000000
0.003350000	0.600000000
0.003352000	0.600000000
0.003354000	0.600000000
0.003356000	0.600000000
0.003358000	0.400000000
0.003360000	0.400000000
0.003362000	0.400000000
0.003364000	0.400000000
0.003366000	0.400000000
0.003368000	0.400000000
0.003370000	0.400000000
0.003372000	0.400000000
0.003374000	0.400000000
0.003376000	0.400000000
0.003378000	0.600000000
0.003380000	0.600000000
0.003382000	0.600000000
0.003384000	0.600000000
0.003386000	0.600000000
0.003388000	0.400000000
0.003390000	0.400000000
0.003392000	0.400000000
0.003394000	0.400000000
0.003396000	0.600000000
0.003398000	0.400000000
0.003400000	0.400000000
0.003402000	0.400000000
0.003404000	0.400000000
0.003406000	0.600000000
0.003408000	0.400000000
0.003410000	0.400000000
0.003412000	0.400000000
0.003414000	0.400000000
0.003416000	0.400000000
0.003418000	0.400000000
0.003420000	0.600000000
0.003422000	0.600000000
0.003424000	0.600000000
0.003426000	0.400000000
0.003428000	0.600000000
0.003430000	0.600000000
0.003432000	0.600000000
0.003434000	0.600000000
0.003436000	0.800000000
0.003438000	0.800000000
0.003440000	0.800000000
0.003442000	0.800000000
0.003444000	0.600000000
0.003446000	0.600000000
0.003448000	0.600000000
0.003450000	0.600000000
0.003452000	0.600000000
0.003454000	0.600000000
0.003456000	0.600000000
0.003458000	0.600000000
0.003460000	0.600000000
0.003462000	0.600000000
0.003464000	0.600000000
0.003466000	0.600000000
0.003468000	0.600000000
0.003470000	0.600000000
0.003472000	0.600000000
0.003474000	0.600000000
0.003476000	0.600000000
0.003478000	0.400000000
0.003480000	0.400000000
0.003482000	0.400000000
0.003484000	0.600000000
0.003486000	0.600000000
0.003488000	0.600000000
0.003490000	0.600000000
0.003492000	0.800000000
0.003494000	0.600000000
0.003496000	0.600000000
0.003498000	0.600000000
0.003500000	0.400000000
0.003502000	0.600000000
0.003504000	0.600000000
0.003506000	0.600000000
0.003508000	0.600000000
0.003510000	0.800000000
0.003512000	0.600000000
0.003514000	0.600000000
0.003516000	0.600000000
0.003518000	0.600000000
0.003520000	0.600000000
0.003522000	0.600000000
0.003524000	0.600000000
0.003526000	0.600000000
0.003528000	0.600000000
0.003530000	0.800000000
0.003532000	0.800000000
0.003534000	0.800000000
0.003536000	0.800000000
0.003538000	0.800000000
0.003540000	0.800000000
0.003542000	0.800000000
0.003544000	0.800000000
0.003546000	0.600000000
0.003548000	0.600000000
0.003550000	0.600000000
0.003552000	0.600000000
0.003554000	0.600000000
0.003556000	0.400000000
0.003558000	0.400000000
0.003560000	0.400000000
0.003562000	0.400000000
0.003564000	0.400000000
0.003566000	0.400000000
0.003568000	0.400000000
0.003570000	0.600000000
0.003572000	0.400000000
0.003574000	0.400000000
0.003576000	0.400000000
0.003578000	0.400000000
0.003580000	0.400000000
0.003582000	0.400000000
0.003584000	0.400000000
0.003586000	0.600000000
0.003588000	0.600000000
0.003590000	0.600000000
0.003592000	0.600000000
0.003594000	0.600000000
0.003596000	0.600000000
0.003598000	0.600000000
0.003600000	0.800000000
0.003602000	0.800000000
0.003604000	0.600000000
0.003606000	0.600000000
0.003608000	0.600000000
0.003610000	0.600000000
0.003612000	0.600000000
0.003614000	0.800000000
0.003616000	0.600000000
0.003618000	0.600000000
0.003620000	0.600000000
0.003622000	0.600000000
0.003624000	0.600000000
0.003626000	0.400000000
0.003628000	0.600000000
0.003630000	0.600000000
0.003632000	0.600000000
0.003634000	0.600000000
0.003636000	0.600000000
0.003638000	0.600000000
0.003640000	0.400000000
0.003642000	0.600000000
0.003644000	0.800000000
0.003646000	0.800000000
0.003648000	0.800000000
0.003650000	0.600000000
0.003652000	0.800000000
0.003654000	0.800000000
0.003656000	0.800000000
0.003658000	0.800000000
0.003660000	0.800000000
0.003662000	0.600000000
0.003664000	0.600000000
0.003666000	0.600000000
0.003668000	0.600000000
0.003670000	0.600000000
0.003672000	0.600000000
0.003674000	0.600000000
0.003676000	0.600000000
0.003678000	0.600000000
0.003680000	0.600000000
0.003682000	0.600000000
0.003684000	0.400000000
0.003686000	0.600000000
0.003688000	0.800000000
0.003690000	0.800000000
0.003692000	0.800000000
0.003694000	0.800000000
0.003696000	0.800000000
0.003698000	0.800000000
0.003700000	0.800000000
0.003702000	0.800000000
0.003704000	0.800000000
0.003706000	0.600000000
0.003708000	0.600000000
0.003710000	0.800000000
0.003712000	1.000000000
0.003714000	0.800000000
0.003716000	0.800000000
0.003718000	0.800000000
0.003720000	1.000000000
0.003722000	1.000000000
0.003724000	1.000000000
0.003726000	1.000000000
0.003728000	0.800000000
0.003730000	0.600000000
0.003732000	0.800000000
0.003734000	0.800000000
0.003736000	1.000000000
0.003738000	1.000000000
0.003740000	0.800000000
0.003742000	0.800000000
0.003744000	0.600000000
0.003746000	0.600000000
0.003748000	0.600000000
0.003750000	0.600000000
0.003752000	0.400000000
0.003754000	0.600000000
0.003756000	0.400000000
0.003758000	0.400000000
0.003760000	0.600000000
0.003762000	0.600000000
0.003764000	0.600000000
0.003766000	0.600000000
0.003768000	0.600000000
0.003770000	0.400000000
0.003772000	0.600000000
0.003774000	0.600000000
0.003776000	0.800000000
0.003778000	0.800000000
0.003780000	0.600000000
0.003782000	0.600000000
0.003784000	0.600000000
0.003786000	0.600000000
0.003788000	0.600000000
0.003790000	0.600000000
0.003792000	0.800000000
0.003794000	0.800000000
0.003796000	0.800000000
0.003798000	0.800000000
0.003800000	0.800000000
0.003802000	0.800000000
0.003804000	0.600000000
0.003806000	0.800000000
0.003808000	0.800000000
0.003810000	0.800000000
0.003812000	0.600000000
0.003814000	0.600000000
0.003816000	0.600000000
0.003818000	0.800000000
0.003820000	0.800000000
0.003822000	0.800000000
0.003824000	0.600000000
0.003826000	0.600000000
0.003828000	0.600000000
0.003830000	0.600000000
0.003832000	0.600000000
0.003834000	0.600000000
0.003836000	0.800000000
0.003838000	0.600000000
0.003840000	0.800000000
0.003842000	0.800000000
0.003844000	0.600000000
0.003846000	0.800000000
0.003848000	0.800000000
0.003850000	0.800000000
0.003852000	0.800000000
0.003854000	0.800000000
0.003856000	0.600000000
0.003858000	0.800000000
0.003860000	0.800000000
0.003862000	0.600000000
0.003864000	0.600000000
0.003866000	0.600000000
0.003868000	0.600000000
0.003870000	0.600000000
0.003872000	0.800000000
0.003874000	0.600000000
0.003876000	0.800000000
0.003878000	0.600000000
0.003880000	0.600000000
0.003882000	0.600000000
0.003884000	0.600000000
0.003886000	0.400000000
0.003888000	0.600000000
0.003890000	0.600000000
0.003892000	0.600000000
0.003894000	0.600000000
0.003896000	0.400000000
0.003898000	0.600000000
0.003900000	0.600000000
0.003902000	0.600000000
0.003904000	0.400000000
0.003906000	0.400000000
0.003908000	0.400000000
0.003910000	0.400000000
0.003912000	0.600000000
0.003914000	0.400000000
0.003916000	0.600000000
0.003918000	0.600000000
0.003920000	0.400000000
0.003922000	0.400000000
0.003924000	0.600000000
0.003926000	0.600000000
0.003928000	0.600000000
0.003930000	0.400000000
0.003932000	0.600000000
0.003934000	0.600000000
0.003936000	0.600000000
0.003938000	0.600000000
0.003940000	0.600000000
0.003942000	0.600000000
0.003944000	0.600000000
0.003946000	0.800000000
0.003948000	0.800000000
0.003950000	0.800000000
0.003952000	0.800000000
0.003954000	0.800000000
0.003956000	0.600000000
0.003958000	0.600000000
0.003960000	0.600000000
0.003962000	0.600000000
0.003964000	0.600000000
0.003966000	0.600000000
0.003968000	0.800000000
0.003970000	0.800000000
0.003972000	0.800000000
0.003974000	0.600000000
0.003976000	0.800000000
0.003978000	0.800000000
0.003980000	0.800000000
0.003982000	0.800000000
0.003984000	0.800000000
0.003986000	0.600000000
0.003988000	0.600000000
0.003990000	0.600000000
0.003992000	0.400000000
0.003994000	0.400000000
0.003996000	0.600000000
0.003998000	0.600000000
0.004000000	0.600000000
0.004002000	0.400000000
0.004004000	0.400000000
0.004006000	0.400000000
0.004008000	0.400000000
0.004010000	0.400000000
0.004012000	0.600000000
0.004014000	0.400000000
0.004016000	0.600000000
0.004018000	0.600000000
0.004020000	0.600000000
0.004022000	0.400000000
0.004024000	0.400000000
0.004026000	0.600000000
0.004028000	0.600000000
0.004030000	0.600000000
0.004032000	0.400000000
0.004034000	0.600000000
0.004036000	0.400000000
0.004038000	0.400000000
0.004040000	0.400000000
0.004042000	0.400000000
0.004044000	0.600000000
0.004046000	0.400000000
0.004048000	0.600000000
0.004050000	0.800000000
0.004052000	0.600000000
0.004054000	0.800000000
0.004056000	1.000000000
0.004058000	0.800000000
0.004060000	0.800000000
0.004062000	0.800000000
0.004064000	0.600000000
0.004066000	0.600000000
0.004068000	0.600000000
0.004070000	0.600000000
0.004072000	0.400000000
0.004074000	0.600000000
0.004076000	0.400000000
0.004078000	0.400000000
0.004080000	0.400000000
0.004082000	0.400000000
0.004084000	0.400000000
0.004086000	0.600000000
0.004088000	0.600000000
0.004090000	0.400000000
0.004092000	0.600000000
0.004094000	0.600000000
0.004096000	0.600000000
0.004098000	0.600000000
0.004100000	0.600000000
0.004102000	0.600000000
0.004104000	0.600000000
0.004106000	0.800000000
0.004108000	0.600000000
0.004110000	0.800000000
0.004112000	1.000000000
0.004114000	1.000000000
0.004116000	1.000000000
0.004118000	1.000000000
0.004120000	0.800000000
0.004122000	0.600000000
0.004124000	0.600000000
0.004126000	0.400000000
0.004128000	0.400000000
0.004130000	0.400000000
0.004132000	0.400000000
0.004134000	0.400000000
0.004136000	0.400000000
0.004138000	0.600000000
0.004140000	0.600000000
0.004142000	0.400000000
0.004144000	0.600000000
0.004146000	0.600000000
0.004148000	0.400000000
0.004150000	0.600000000
0.004152000	0.400000000
0.004154000	0.400000000
0.004156000	0.400000000
0.004158000	0.400000000
0.004160000	0.400000000
0.004162000	0.400000000
0.004164000	0.400000000
0.004166000	0.400000000
0.004168000	0.400000000
0.004170000	0.600000000
0.004172000	0.600000000
0.004174000	0.600000000
0.004176000	0.600000000
0.004178000	0.600000000
0.004180000	0.400000000
0.004182000	0.600000000
0.004184000	0.600000000
0.004186000	0.600000000
0.004188000	0.800000000
0.004190000	0.600000000
0.004192000	0.600000000
0.004194000	0.800000000
0.004196000	0.600000000
0.004198000	0.800000000
0.004200000	0.600000000
0.004202000	0.600000000
0.004204000	0.600000000
0.004206000	0.600000000
0.004208000	0.600000000
0.004210000	0.600000000
0.004212000	0.400000000
0.004214000	0.400000000
0.004216000	0.400000000
0.004218000	0.600000000
0.004220000	0.600000000
0.004222000	0.600000000
0.004224000	0.600000000
0.004226000	0.600000000
0.004228000	0.600000000
0.004230000	0.600000000
0.004232000	0.600000000
0.004234000	0.600000000
0.004236000	0.600000000
0.004238000	0.600000000
0.004240000	0.800000000
0.004242000	0.800000000
0.004244000	0.600000000
0.004246000	0.800000000
0.004248000	0.600000000
0.004250000	0.600000000
0.004252000	0.800000000
0.004254000	0.600000000
0.004256000	0.600000000
0.004258000	0.600000000
0.004260000	0.400000000
0.004262000	0.600000000
0.004264000	0.600000000
0.004266000	0.600000000
0.004268000	0.600000000
0.004270000	0.400000000
0.004272000	0.600000000
0.004274000	0.400000000
0.004276000	0.400000000
0.004278000	0.400000000
0.004280000	0.400000000
0.004282000	0.600000000
0.004284000	0.600000000
0.004286000	0.800000000
0.004288000	0.600000000
0.004290000	0.800000000
0.004292000	0.600000000
0.004294000	1.000000000
0.004296000	0.800000000
0.004298000	0.600000000
0.004300000	0.600000000
0.004302000	0.800000000
0.004304000	0.800000000
0.004306000	1.000000000
0.004308000	0.800000000
0.004310000	0.600000000
0.004312000	0.600000000
0.004314000	0.600000000
0.004316000	0.600000000
0.004318000	0.600000000
0.004320000	0.600000000
0.004322000	0.600000000
0.004324000	0.600000000
0.004326000	0.400000000
0.004328000	0.600000000
0.004330000	0.400000000
0.004332000	0.600000000
0.004334000	0.800000000
0.004336000	0.800000000
0.004338000	0.600000000
0.004340000	0.600000000
0.004342000	0.400000000
0.004344000	0.400000000
0.004346000	0.400000000
0.004348000	0.200000000
0.004350000	0.400000000
0.004352000	0.400000000
0.004354000	0.400000000
0.004356000	0.400000000
0.004358000	0.400000000
0.004360000	0.400000000
0.004362000	0.400000000
0.004364000	0.400000000
0.004366000	0.400000000
0.004368000	0.400000000
0.004370000	0.600000000
0.004372000	0.400000000
0.004374000	0.600000000
0.004376000	0.600000000
0.004378000	0.600000000
0.004380000	0.600000000
0.004382000	0.400000000
0.004384000	0.400000000
0.004386000	0.400000000
0.004388000	0.400000000
0.004390000	0.400000000
0.004392000	0.400000000
0.004394000	0.400000000
0.004396000	0.400000000
0.004398000	0.400000000
0.004400000	0.400000000
0.004402000	0.400000000
0.004404000	0.400000000
0.004406000	0.400000000
0.004408000	0.400000000
0.004410000	0.400000000
0.004412000	0.600000000
0.004414000	0.400000000
0.004416000	0.400000000
0.004418000	0.400000000
0.004420000	0.400000000
0.004422000	0.400000000
0.004424000	0.400000000
0.004426000	0.400000000
0.004428000	0.400000000
0.004430000	0.400000000
0.004432000	0.400000000
0.004434000	0.600000000
0.004436000	0.400000000
0.004438000	0.400000000
0.004440000	0.600000000
0.004442000	0.600000000
0.004444000	0.600000000
0.004446000	0.400000000
0.004448000	0.400000000
0.004450000	0.400000000
0.004452000	0.400000000
0.004454000	0.400000000
0.004456000	0.600000000
0.004458000	0.600000000
0.004460000	0.800000000
0.004462000	0.800000000
0.004464000	0.600000000
0.004466000	0.600000000
0.004468000	0.600000000
0.004470000	0.800000000
0.004472000	0.800000000
0.004474000	0.800000000
0.004476000	0.800000000
0.004478000	0.800000000
0.004480000	0.600000000
0.004482000	0.600000000
0.004484000	0.600000000
0.004486000	0.400000000
0.004488000	0.600000000
0.004490000	0.400000000
0.004492000	0.400000000
0.004494000	0.400000000
0.004496000	0.400000000
0.004498000	0.400000000
0.004500000	0.600000000
0.004502000	0.600000000
0.004504000	0.600000000
0.004506000	0.600000000
0.004508000	0.800000000
0.004510000	0.800000000
0.004512000	0.800000000
0.004514000	0.800000000
0.004516000	1.000000000
0.004518000	1.000000000
0.004520000	1.000000000
0.004522000	1.000000000
0.004524000	0.800000000
0.004526000	0.800000000
0.004528000	1.000000000
0.004530000	1.000000000
0.004532000	0.800000000
0.004534000	0.800000000
0.004536000	0.600000000
0.004538000	0.600000000
0.004540000	0.600000000
0.004542000	0.600000000
0.004544000	0.800000000
0.004546000	0.800000000
0.004548000	0.600000000
0.004550000	0.600000000
0.004552000	0.600000000
0.004554000	0.400000000
0.004556000	0.400000000
0.004558000	0.400000000
0.004560000	0.400000000
0.004562000	0.400000000
0.004564000	0.400000000
0.004566000	0.600000000
0.004568000	0.400000000
0.004570000	0.600000000
0.004572000	0.600000000
0.004574000	0.600000000
0.004576000	0.600000000
0.004578000	0.600000000
0.004580000	0.600000000
0.004582000	0.600000000
0.004584000	0.400000000
0.004586000	0.400000000
0.004588000	0.400000000
0.004590000	0.400000000
0.004592000	0.400000000
0.004594000	0.400000000
0.004596000	0.400000000
0.004598000	0.400000000
0.004600000	0.400000000
0.004602000	0.400000000
0.004604000	0.400000000
0.004606000	0.400000000
0.004608000	0.400000000
0.004610000	0.400000000
0.004612000	0.400000000
0.004614000	0.400000000
0.004616000	0.400000000
0.004618000	0.600000000
0.004620000	0.600000000
0.004622000	0.600000000
0.004624000	0.400000000
0.004626000	0.400000000
0.004628000	0.600000000
0.004630000	0.600000000
0.004632000	0.600000000
0.004634000	0.800000000
0.004636000	0.800000000
0.004638000	0.800000000
0.004640000	0.800000000
0.004642000	0.800000000
0.004644000	0.600000000
0.004646000	0.400000000
0.004648000	0.600000000
0.004650000	0.600000000
0.004652000	0.600000000
0.004654000	0.600000000
0.004656000	0.600000000
0.004658000	0.600000000
0.004660000	0.600000000
0.004662000	0.400000000
0.004664000	0.400000000
0.004666000	0.600000000
0.004668000	0.600000000
0.004670000	0.800000000
0.004672000	0.800000000
0.004674000	0.800000000
0.004676000	0.800000000
0.004678000	0.600000000
0.004680000	0.600000000
0.004682000	0.600000000
0.004684000	0.400000000
0.004686000	0.400000000
0.004688000	0.400000000
0.004690000	0.600000000
0.004692000	0.600000000
0.004694000	0.400000000
0.004696000	0.400000000
0.004698000	0.400000000
0.004700000	0.400000000
0.004702000	0.400000000
0.004704000	0.400000000
0.004706000	0.600000000
0.004708000	0.400000000
0.004710000	0.400000000
0.004712000	0.400000000
0.004714000	0.600000000
0.004716000	0.600000000
0.004718000	0.600000000
0.004720000	0.600000000
0.004722000	0.600000000
0.004724000	0.600000000
0.004726000	0.600000000
0.004728000	0.600000000
0.004730000	0.600000000
0.004732000	0.600000000
0.004734000	0.600000000
0.004736000	0.800000000
0.004738000	0.800000000
0.004740000	0.600000000
0.004742000	0.400000000
0.004744000	0.400000000
0.004746000	0.600000000
0.004748000	0.600000000
0.004750000	0.600000000
0.004752000	0.600000000
0.004754000	0.600000000
0.004756000	0.600000000
0.004758000	0.600000000
0.004760000	0.600000000
0.004762000	0.600000000
0.004764000	0.600000000
0.004766000	0.600000000
0.004768000	0.600000000
0.004770000	0.600000000
0.004772000	0.600000000
0.004774000	0.600000000
0.004776000	0.600000000
0.004778000	0.600000000
0.004780000	0.600000000
0.004782000	0.600000000
0.004784000	0.600000000
0.004786000	0.600000000
0.004788000	0.600000000
0.004790000	0.600000000
0.004792000	0.600000000
0.004794000	0.800000000
0.004796000	0.800000000
0.004798000	0.800000000
0.004800000	0.800000000
0.004802000	0.600000000
0.004804000	0.600000000
0.004806000	0.600000000
0.004808000	0.600000000
0.004810000	0.600000000
0.004812000	0.600000000
0.004814000	0.400000000
0.004816000	0.600000000
0.004818000	0.400000000
0.004820000	0.400000000
0.004822000	0.600000000
0.004824000	0.600000000
0.004826000	0.400000000
0.004828000	0.400000000
0.004830000	0.400000000
0.004832000	0.400000000
0.004834000	0.400000000
0.004836000	0.400000000
0.004838000	0.400000000
0.004840000	0.400000000
0.004842000	0.400000000
0.004844000	0.400000000
0.004846000	0.200000000
0.004848000	0.400000000
0.004850000	0.400000000
0.004852000	0.400000000
0.004854000	0.600000000
0.004856000	0.600000000
0.004858000	0.600000000
0.004860000	0.600000000
0.004862000	0.600000000
0.004864000	0.600000000
0.004866000	0.600000000
0.004868000	0.800000000
0.004870000	1.000000000
0.004872000	1.000000000
0.004874000	1.200000000
0.004876000	0.800000000
0.004878000	0.800000000
0.004880000	0.800000000
0.004882000	0.600000000
0.004884000	0.600000000
0.004886000	0.600000000
0.004888000	0.600000000
0.004890000	0.600000000
0.004892000	0.600000000
0.004894000	0.600000000
0.004896000	0.800000000
0.004898000	1.000000000
0.004900000	1.000000000
0.004902000	1.000000000
0.004904000	1.000000000
0.004906000	0.800000000
0.004908000	0.800000000
0.004910000	0.800000000
0.004912000	0.600000000
0.004914000	0.600000000
0.004916000	0.600000000
0.004918000	0.800000000
0.004920000	0.600000000
0.004922000	0.600000000
0.004924000	0.400000000
0.004926000	0.400000000
0.004928000	0.600000000
0.004930000	0.400000000
0.004932000	0.400000000
0.004934000	0.400000000
0.004936000	0.200000000
0.004938000	0.400000000
0.004940000	0.400000000
0.004942000	0.600000000
0.004944000	0.600000000
0.004946000	0.600000000
0.004948000	0.400000000
0.004950000	0.600000000
0.004952000	0.600000000
0.004954000	0.400000000
0.004956000	0.600000000
0.004958000	0.600000000
0.004960000	0.400000000
0.004962000	0.600000000
0.004964000	0.400000000
0.004966000	0.400000000
0.004968000	0.400000000
0.004970000	0.400000000
0.004972000	0.400000000
0.004974000	0.400000000
0.004976000	0.400000000
0.004978000	0.600000000
0.004980000	0.400000000
0.004982000	0.600000000
0.004984000	0.400000000
