0.000000000	0.040000000	0.000000000
0.000004000	0.040000000	-0.200000000
0.000008000	0.040000000	0.000000000
0.000012000	0.040000000	0.000000000
0.000016000	0.040000000	0.000000000
0.000020000	0.040000000	0.000000000
0.000024000	0.040000000	-0.200000000
0.000028000	0.040000000	0.000000000
0.000032000	0.040000000	0.000000000
0.000036000	0.040000000	-0.200000000
0.000040000	0.040000000	-0.200000000
0.000044000	0.040000000	0.000000000
0.000048000	0.040000000	0.000000000
0.000052000	0.040000000	0.000000000
0.000056000	0.040000000	0.000000000
0.000060000	0.040000000	0.000000000
0.000064000	0.040000000	0.000000000
0.000068000	0.000000000	0.000000000
0.000072000	0.040000000	-0.200000000
0.000076000	0.040000000	-0.200000000
0.000080000	0.040000000	0.000000000
0.000084000	0.040000000	0.000000000
0.000088000	0.040000000	0.000000000
0.000092000	0.040000000	0.000000000
0.000096000	0.040000000	0.000000000
0.000100000	0.040000000	0.000000000
0.000104000	0.040000000	0.000000000
0.000108000	0.040000000	0.000000000
0.000112000	0.040000000	0.000000000
0.000116000	0.040000000	0.000000000
0.000120000	0.040000000	0.000000000
0.000124000	0.040000000	0.000000000
0.000128000	0.040000000	0.000000000
0.000132000	0.040000000	0.000000000
0.000136000	0.000000000	0.000000000
0.000140000	0.040000000	0.000000000
0.000144000	0.000000000	0.000000000
0.000148000	0.040000000	0.000000000
0.000152000	0.000000000	0.000000000
0.000156000	0.040000000	0.000000000
0.000160000	0.040000000	0.000000000
0.000164000	0.040000000	0.000000000
0.000168000	0.040000000	0.000000000
0.000172000	0.040000000	0.000000000
0.000176000	0.040000000	0.000000000
0.000180000	0.040000000	0.000000000
0.000184000	0.040000000	0.000000000
0.000188000	0.040000000	0.000000000
0.000192000	0.040000000	0.000000000
0.000196000	0.040000000	0.000000000
0.000200000	0.040000000	0.000000000
0.000204000	0.040000000	0.000000000
0.000208000	0.000000000	0.000000000
0.000212000	0.040000000	0.200000000
0.000216000	0.040000000	0.200000000
0.000220000	0.040000000	0.200000000
0.000224000	0.040000000	0.200000000
0.000228000	0.040000000	0.200000000
0.000232000	0.040000000	0.000000000
0.000236000	0.000000000	0.000000000
0.000240000	0.040000000	0.000000000
0.000244000	0.040000000	0.000000000
0.000248000	0.040000000	0.000000000
0.000252000	0.000000000	0.000000000
0.000256000	0.040000000	0.000000000
0.000260000	0.040000000	0.000000000
0.000264000	0.040000000	0.000000000
0.000268000	0.040000000	0.000000000
0.000272000	0.040000000	0.000000000
0.000276000	0.040000000	0.000000000
0.000280000	0.040000000	0.000000000
0.000284000	0.040000000	0.000000000
0.000288000	0.040000000	0.000000000
0.000292000	0.040000000	0.000000000
0.000296000	0.040000000	0.000000000
0.000300000	0.040000000	0.000000000
0.000304000	0.040000000	0.000000000
0.000308000	0.040000000	0.000000000
0.000312000	0.040000000	0.000000000
0.000316000	0.040000000	0.000000000
0.000320000	0.040000000	0.000000000
0.000324000	0.040000000	0.000000000
0.000328000	0.040000000	0.200000000
0.000332000	0.000000000	0.200000000
0.000336000	0.000000000	0.000000000
0.000340000	0.040000000	0.200000000
0.000344000	0.040000000	0.200000000
0.000348000	0.080000000	0.200000000
0.000352000	0.000000000	0.000000000
0.000356000	0.040000000	0.000000000
0.000360000	0.040000000	0.000000000
0.000364000	0.040000000	0.000000000
0.000368000	0.040000000	0.000000000
0.000372000	0.040000000	0.000000000
0.000376000	0.040000000	0.000000000
0.000380000	0.040000000	0.000000000
0.000384000	0.000000000	0.000000000
0.000388000	0.040000000	0.000000000
0.000392000	0.040000000	0.000000000
0.000396000	0.040000000	0.200000000
0.000400000	0.040000000	0.000000000
0.000404000	0.040000000	0.000000000
0.000408000	0.040000000	0.000000000
0.000412000	0.040000000	0.000000000
0.000416000	0.040000000	0.000000000
0.000420000	0.040000000	0.000000000
0.000424000	0.040000000	0.000000000
0.000428000	0.040000000	0.200000000
0.000432000	0.040000000	0.200000000
0.000436000	0.040000000	0.000000000
0.000440000	0.040000000	0.000000000
0.000444000	0.040000000	0.000000000
0.000448000	0.040000000	0.200000000
0.000452000	0.040000000	0.000000000
0.000456000	0.040000000	0.000000000
0.000460000	0.040000000	0.000000000
0.000464000	0.040000000	0.000000000
0.000468000	0.040000000	0.200000000
0.000472000	0.000000000	0.200000000
0.000476000	0.040000000	0.000000000
0.000480000	0.040000000	0.000000000
0.000484000	0.040000000	0.000000000
0.000488000	0.040000000	0.000000000
0.000492000	0.040000000	0.000000000
0.000496000	0.040000000	0.200000000
0.000500000	0.040000000	0.000000000
0.000504000	0.040000000	0.000000000
0.000508000	0.040000000	0.000000000
0.000512000	0.040000000	0.000000000
0.000516000	0.040000000	0.000000000
0.000520000	0.040000000	0.000000000
0.000524000	0.040000000	0.000000000
0.000528000	0.040000000	0.000000000
0.000532000	0.000000000	0.000000000
0.000536000	0.040000000	0.000000000
0.000540000	0.040000000	0.000000000
0.000544000	0.040000000	0.000000000
0.000548000	0.040000000	0.000000000
0.000552000	0.040000000	0.000000000
0.000556000	0.040000000	0.000000000
0.000560000	0.040000000	0.000000000
0.000564000	0.040000000	0.000000000
0.000568000	0.040000000	0.000000000
0.000572000	0.040000000	0.000000000
0.000576000	0.040000000	0.000000000
0.000580000	0.040000000	0.000000000
0.000584000	0.040000000	0.000000000
0.000588000	0.040000000	0.000000000
0.000592000	0.000000000	0.000000000
0.000596000	0.040000000	0.000000000
0.000600000	0.040000000	0.000000000
0.000604000	0.040000000	0.000000000
0.000608000	0.040000000	0.000000000
0.000612000	0.040000000	0.000000000
0.000616000	0.040000000	0.000000000
0.000620000	0.040000000	0.000000000
0.000624000	0.040000000	0.000000000
0.000628000	0.040000000	0.000000000
0.000632000	0.040000000	0.000000000
0.000636000	0.040000000	0.000000000
0.000640000	0.040000000	0.000000000
0.000644000	0.040000000	0.000000000
0.000648000	0.040000000	0.000000000
0.000652000	0.040000000	0.000000000
0.000656000	0.040000000	0.000000000
0.000660000	0.000000000	0.000000000
0.000664000	0.040000000	0.000000000
0.000668000	0.040000000	0.000000000
0.000672000	0.040000000	0.000000000
0.000676000	0.040000000	0.000000000
0.000680000	0.040000000	0.000000000
0.000684000	0.040000000	0.000000000
0.000688000	0.040000000	0.000000000
0.000692000	0.040000000	0.200000000
0.000696000	0.040000000	0.000000000
0.000700000	0.040000000	0.000000000
0.000704000	0.040000000	0.000000000
0.000708000	0.040000000	0.000000000
0.000712000	0.000000000	0.200000000
0.000716000	0.040000000	0.000000000
0.000720000	0.040000000	0.000000000
0.000724000	0.040000000	0.200000000
0.000728000	0.040000000	0.000000000
0.000732000	0.040000000	0.000000000
0.000736000	0.040000000	0.000000000
0.000740000	0.040000000	0.200000000
0.000744000	0.040000000	0.000000000
0.000748000	0.040000000	0.000000000
0.000752000	0.000000000	0.000000000
0.000756000	0.040000000	0.000000000
0.000760000	0.040000000	0.000000000
0.000764000	0.040000000	0.000000000
0.000768000	0.040000000	0.000000000
0.000772000	0.040000000	0.000000000
0.000776000	0.040000000	0.200000000
0.000780000	0.040000000	0.000000000
0.000784000	0.040000000	0.000000000
0.000788000	0.040000000	0.000000000
0.000792000	0.040000000	0.000000000
0.000796000	0.000000000	0.000000000
0.000800000	0.040000000	0.000000000
0.000804000	0.040000000	0.000000000
0.000808000	0.040000000	0.000000000
0.000812000	0.040000000	0.000000000
0.000816000	0.040000000	0.000000000
0.000820000	0.040000000	0.000000000
0.000824000	0.040000000	0.200000000
0.000828000	0.040000000	0.000000000
0.000832000	0.040000000	0.000000000
0.000836000	0.040000000	0.000000000
0.000840000	0.040000000	0.000000000
0.000844000	0.040000000	0.000000000
0.000848000	0.040000000	0.000000000
0.000852000	0.040000000	0.000000000
0.000856000	0.040000000	-0.200000000
0.000860000	0.040000000	0.000000000
0.000864000	0.040000000	0.000000000
0.000868000	0.040000000	-0.200000000
0.000872000	0.040000000	0.000000000
0.000876000	0.040000000	0.200000000
0.000880000	0.040000000	0.000000000
0.000884000	0.040000000	0.000000000
0.000888000	0.040000000	0.000000000
0.000892000	0.040000000	0.000000000
0.000896000	0.040000000	0.000000000
0.000900000	0.000000000	0.000000000
0.000904000	0.040000000	0.000000000
0.000908000	0.040000000	0.000000000
0.000912000	0.040000000	0.000000000
0.000916000	0.040000000	0.000000000
0.000920000	0.040000000	0.000000000
0.000924000	0.040000000	0.000000000
0.000928000	0.040000000	0.000000000
0.000932000	0.040000000	0.000000000
0.000936000	0.040000000	0.000000000
0.000940000	0.040000000	0.000000000
0.000944000	0.040000000	0.000000000
0.000948000	0.000000000	0.000000000
0.000952000	0.040000000	0.000000000
0.000956000	0.040000000	0.000000000
0.000960000	0.040000000	0.000000000
0.000964000	0.040000000	0.000000000
0.000968000	0.040000000	0.000000000
0.000972000	0.040000000	0.000000000
0.000976000	0.040000000	0.000000000
0.000980000	0.040000000	0.000000000
0.000984000	0.040000000	0.000000000
0.000988000	0.040000000	0.000000000
0.000992000	0.040000000	0.000000000
0.000996000	0.040000000	-0.200000000
0.001000000	0.040000000	-0.200000000
0.001004000	0.040000000	0.000000000
0.001008000	0.040000000	0.000000000
0.001012000	0.040000000	0.000000000
0.001016000	0.040000000	0.000000000
0.001020000	0.040000000	0.000000000
0.001024000	0.040000000	0.000000000
0.001028000	0.040000000	0.000000000
0.001032000	0.040000000	0.000000000
0.001036000	0.040000000	0.000000000
0.001040000	0.040000000	0.000000000
0.001044000	0.040000000	0.000000000
0.001048000	0.040000000	0.000000000
0.001052000	0.040000000	0.000000000
0.001056000	0.040000000	0.000000000
0.001060000	0.040000000	0.000000000
0.001064000	0.040000000	0.000000000
0.001068000	0.040000000	0.000000000
0.001072000	0.040000000	0.000000000
0.001076000	0.040000000	0.000000000
0.001080000	0.080000000	0.000000000
0.001084000	0.040000000	0.000000000
0.001088000	0.040000000	0.000000000
0.001092000	0.040000000	0.000000000
0.001096000	0.040000000	0.000000000
0.001100000	0.000000000	0.000000000
0.001104000	0.040000000	0.000000000
0.001108000	0.000000000	0.000000000
0.001112000	0.040000000	0.000000000
0.001116000	0.040000000	0.000000000
0.001120000	0.040000000	0.000000000
0.001124000	0.040000000	-0.200000000
0.001128000	0.040000000	0.000000000
0.001132000	0.040000000	0.000000000
0.001136000	0.040000000	0.000000000
0.001140000	0.040000000	0.000000000
0.001144000	0.040000000	0.000000000
0.001148000	0.040000000	0.200000000
0.001152000	0.040000000	0.200000000
0.001156000	0.000000000	0.200000000
0.001160000	0.040000000	0.200000000
0.001164000	0.040000000	0.200000000
0.001168000	0.040000000	0.000000000
0.001172000	0.040000000	0.000000000
0.001176000	0.040000000	0.000000000
0.001180000	0.040000000	0.000000000
0.001184000	0.040000000	0.000000000
0.001188000	0.040000000	0.200000000
0.001192000	0.040000000	0.200000000
0.001196000	0.000000000	0.200000000
0.001200000	0.040000000	0.200000000
0.001204000	0.040000000	0.200000000
0.001208000	0.000000000	0.200000000
0.001212000	0.040000000	0.000000000
0.001216000	0.040000000	0.000000000
0.001220000	0.040000000	0.000000000
0.001224000	0.040000000	0.000000000
0.001228000	0.040000000	0.000000000
0.001232000	0.040000000	0.000000000
0.001236000	0.040000000	0.000000000
0.001240000	0.040000000	0.000000000
0.001244000	0.040000000	0.200000000
0.001248000	0.040000000	0.000000000
0.001252000	0.040000000	0.000000000
0.001256000	0.040000000	0.000000000
0.001260000	0.040000000	0.000000000
0.001264000	0.040000000	0.000000000
0.001268000	0.040000000	0.000000000
0.001272000	0.040000000	0.000000000
0.001276000	0.040000000	0.000000000
0.001280000	0.040000000	0.000000000
0.001284000	0.040000000	0.000000000
0.001288000	0.040000000	0.000000000
0.001292000	0.040000000	0.000000000
0.001296000	0.040000000	0.000000000
0.001300000	0.040000000	0.000000000
0.001304000	0.040000000	0.000000000
0.001308000	0.040000000	0.000000000
0.001312000	0.040000000	0.000000000
0.001316000	0.040000000	0.000000000
0.001320000	0.000000000	0.000000000
0.001324000	0.040000000	0.000000000
0.001328000	0.040000000	0.000000000
0.001332000	0.040000000	0.000000000
0.001336000	0.000000000	0.200000000
0.001340000	0.040000000	0.200000000
0.001344000	0.040000000	0.200000000
0.001348000	0.040000000	0.000000000
0.001352000	0.040000000	0.200000000
0.001356000	0.000000000	0.200000000
0.001360000	0.040000000	0.200000000
0.001364000	0.000000000	0.000000000
0.001368000	0.040000000	0.000000000
0.001372000	0.040000000	0.000000000
0.001376000	0.040000000	0.000000000
0.001380000	0.000000000	0.000000000
0.001384000	0.040000000	0.000000000
0.001388000	0.040000000	0.000000000
0.001392000	0.040000000	0.000000000
0.001396000	0.040000000	0.000000000
0.001400000	0.040000000	0.000000000
0.001404000	0.040000000	0.000000000
0.001408000	0.040000000	0.000000000
0.001412000	0.000000000	0.000000000
0.001416000	0.040000000	0.000000000
0.001420000	0.000000000	0.000000000
0.001424000	0.040000000	0.000000000
0.001428000	0.000000000	0.000000000
0.001432000	0.040000000	0.200000000
0.001436000	0.040000000	0.000000000
0.001440000	0.040000000	0.200000000
0.001444000	0.040000000	0.000000000
0.001448000	0.040000000	0.000000000
0.001452000	0.040000000	0.000000000
0.001456000	0.040000000	0.000000000
0.001460000	0.040000000	0.000000000
0.001464000	0.040000000	0.000000000
0.001468000	0.040000000	0.000000000
0.001472000	0.040000000	0.000000000
0.001476000	0.040000000	0.200000000
0.001480000	0.040000000	0.200000000
0.001484000	0.040000000	0.000000000
0.001488000	0.040000000	0.000000000
0.001492000	0.040000000	0.000000000
0.001496000	0.040000000	0.000000000
0.001500000	0.040000000	0.000000000
0.001504000	0.040000000	0.000000000
0.001508000	0.040000000	0.000000000
0.001512000	0.040000000	0.000000000
0.001516000	0.040000000	0.200000000
0.001520000	0.040000000	0.000000000
0.001524000	0.040000000	0.200000000
0.001528000	0.040000000	0.000000000
0.001532000	0.000000000	0.200000000
0.001536000	0.040000000	0.000000000
0.001540000	0.040000000	0.200000000
0.001544000	0.040000000	0.000000000
0.001548000	0.000000000	0.200000000
0.001552000	0.040000000	0.000000000
0.001556000	0.040000000	0.000000000
0.001560000	0.040000000	0.200000000
0.001564000	0.040000000	0.000000000
0.001568000	0.040000000	0.000000000
0.001572000	0.040000000	0.200000000
0.001576000	0.040000000	0.000000000
0.001580000	0.040000000	0.000000000
0.001584000	0.000000000	0.000000000
0.001588000	0.040000000	0.000000000
0.001592000	0.040000000	0.000000000
0.001596000	0.040000000	0.000000000
0.001600000	0.040000000	0.000000000
0.001604000	0.040000000	0.000000000
0.001608000	0.040000000	0.000000000
0.001612000	0.040000000	0.000000000
0.001616000	0.040000000	0.000000000
0.001620000	0.040000000	0.000000000
0.001624000	0.040000000	0.000000000
0.001628000	0.040000000	0.000000000
0.001632000	0.000000000	0.000000000
0.001636000	0.040000000	0.000000000
0.001640000	0.040000000	0.000000000
0.001644000	0.040000000	0.000000000
0.001648000	0.040000000	0.000000000
0.001652000	0.000000000	0.000000000
0.001656000	0.040000000	0.000000000
0.001660000	0.040000000	0.000000000
0.001664000	0.040000000	0.000000000
0.001668000	0.040000000	0.000000000
0.001672000	0.040000000	0.200000000
0.001676000	0.040000000	0.000000000
0.001680000	0.040000000	0.000000000
0.001684000	0.040000000	0.000000000
0.001688000	0.040000000	0.000000000
0.001692000	0.040000000	0.000000000
0.001696000	0.040000000	0.000000000
0.001700000	0.040000000	0.000000000
0.001704000	0.040000000	0.200000000
0.001708000	0.040000000	0.200000000
0.001712000	0.040000000	0.200000000
0.001716000	0.040000000	0.000000000
0.001720000	0.040000000	0.200000000
0.001724000	0.040000000	0.200000000
0.001728000	0.040000000	0.200000000
0.001732000	0.040000000	0.000000000
0.001736000	0.040000000	0.000000000
0.001740000	0.000000000	0.000000000
0.001744000	0.040000000	0.000000000
0.001748000	0.040000000	0.000000000
0.001752000	0.040000000	0.000000000
0.001756000	0.040000000	0.000000000
0.001760000	0.040000000	0.000000000
0.001764000	0.040000000	0.000000000
0.001768000	0.040000000	0.000000000
0.001772000	0.040000000	0.000000000
0.001776000	0.000000000	0.200000000
0.001780000	0.040000000	0.200000000
0.001784000	0.040000000	0.200000000
0.001788000	0.040000000	0.000000000
0.001792000	0.040000000	0.200000000
0.001796000	0.000000000	0.200000000
0.001800000	0.040000000	0.200000000
0.001804000	0.040000000	0.000000000
0.001808000	0.040000000	0.000000000
0.001812000	0.040000000	0.200000000
0.001816000	0.000000000	0.000000000
0.001820000	0.040000000	0.000000000
0.001824000	0.040000000	0.200000000
0.001828000	0.040000000	0.200000000
0.001832000	0.040000000	0.200000000
0.001836000	0.040000000	0.000000000
0.001840000	0.040000000	0.000000000
0.001844000	0.040000000	0.000000000
0.001848000	0.040000000	0.000000000
0.001852000	0.040000000	0.000000000
0.001856000	0.040000000	0.200000000
0.001860000	0.040000000	0.000000000
0.001864000	0.040000000	0.000000000
0.001868000	0.040000000	0.200000000
0.001872000	0.040000000	0.000000000
0.001876000	0.040000000	0.200000000
0.001880000	0.040000000	0.200000000
0.001884000	0.040000000	0.200000000
0.001888000	0.040000000	0.200000000
0.001892000	0.040000000	0.000000000
0.001896000	0.040000000	0.000000000
0.001900000	0.040000000	0.000000000
0.001904000	0.040000000	0.200000000
0.001908000	0.040000000	0.200000000
0.001912000	0.040000000	0.000000000
0.001916000	0.040000000	0.000000000
0.001920000	0.040000000	0.000000000
0.001924000	0.040000000	0.000000000
0.001928000	0.040000000	0.000000000
0.001932000	0.040000000	0.000000000
0.001936000	0.040000000	0.200000000
0.001940000	0.040000000	0.200000000
0.001944000	0.040000000	0.200000000
0.001948000	0.040000000	0.000000000
0.001952000	0.040000000	0.000000000
0.001956000	0.040000000	0.000000000
0.001960000	0.040000000	0.200000000
0.001964000	0.000000000	0.200000000
0.001968000	0.040000000	0.000000000
0.001972000	0.040000000	0.000000000
0.001976000	0.040000000	0.000000000
0.001980000	0.000000000	0.000000000
0.001984000	0.040000000	0.000000000
0.001988000	0.040000000	0.200000000
0.001992000	0.040000000	0.000000000
0.001996000	0.040000000	0.000000000
0.002000000	0.040000000	0.200000000
0.002004000	0.000000000	0.000000000
0.002008000	0.040000000	0.000000000
0.002012000	0.040000000	0.200000000
0.002016000	0.040000000	0.000000000
0.002020000	0.040000000	0.000000000
0.002024000	0.040000000	0.000000000
0.002028000	0.040000000	0.000000000
0.002032000	0.040000000	0.000000000
0.002036000	0.040000000	0.000000000
0.002040000	0.040000000	0.000000000
0.002044000	0.040000000	0.000000000
0.002048000	0.040000000	0.000000000
0.002052000	0.040000000	0.000000000
0.002056000	0.040000000	0.000000000
0.002060000	0.040000000	0.200000000
0.002064000	0.040000000	0.000000000
0.002068000	0.000000000	0.000000000
0.002072000	0.040000000	0.000000000
0.002076000	0.040000000	0.200000000
0.002080000	0.040000000	0.200000000
0.002084000	0.040000000	0.000000000
0.002088000	0.000000000	0.000000000
0.002092000	0.040000000	0.000000000
0.002096000	0.040000000	0.000000000
0.002100000	0.000000000	0.000000000
0.002104000	0.040000000	0.000000000
0.002108000	0.040000000	0.000000000
0.002112000	0.000000000	0.000000000
0.002116000	0.040000000	0.000000000
0.002120000	0.040000000	0.000000000
0.002124000	0.040000000	0.000000000
0.002128000	0.040000000	0.000000000
0.002132000	0.040000000	0.000000000
0.002136000	0.040000000	0.000000000
0.002140000	0.040000000	0.000000000
0.002144000	0.000000000	0.000000000
0.002148000	0.040000000	0.000000000
0.002152000	0.040000000	0.000000000
0.002156000	0.040000000	0.000000000
0.002160000	0.040000000	0.000000000
0.002164000	0.040000000	0.000000000
0.002168000	0.040000000	0.000000000
0.002172000	0.040000000	0.000000000
0.002176000	0.040000000	0.200000000
0.002180000	0.040000000	0.000000000
0.002184000	0.040000000	0.000000000
0.002188000	0.000000000	0.000000000
0.002192000	0.040000000	0.000000000
0.002196000	0.040000000	0.000000000
0.002200000	0.040000000	0.000000000
0.002204000	0.040000000	0.200000000
0.002208000	0.040000000	0.200000000
0.002212000	0.040000000	0.000000000
0.002216000	0.040000000	0.200000000
0.002220000	0.040000000	0.000000000
0.002224000	0.000000000	0.200000000
0.002228000	0.040000000	0.000000000
0.002232000	0.040000000	0.000000000
0.002236000	0.040000000	0.000000000
0.002240000	0.040000000	0.000000000
0.002244000	0.040000000	0.200000000
0.002248000	0.040000000	0.000000000
0.002252000	0.040000000	0.000000000
0.002256000	0.040000000	0.000000000
0.002260000	0.040000000	0.000000000
0.002264000	0.040000000	0.000000000
0.002268000	0.040000000	0.200000000
0.002272000	0.040000000	0.000000000
0.002276000	0.040000000	0.000000000
0.002280000	0.040000000	0.000000000
0.002284000	0.040000000	0.000000000
0.002288000	0.040000000	0.000000000
0.002292000	0.040000000	0.000000000
0.002296000	0.040000000	0.000000000
0.002300000	0.040000000	0.000000000
0.002304000	0.040000000	0.000000000
0.002308000	0.040000000	0.000000000
0.002312000	0.040000000	0.000000000
0.002316000	0.040000000	0.000000000
0.002320000	0.040000000	0.000000000
0.002324000	0.040000000	0.000000000
0.002328000	0.040000000	0.000000000
0.002332000	0.040000000	0.000000000
0.002336000	0.040000000	0.000000000
0.002340000	0.040000000	0.000000000
0.002344000	0.040000000	0.000000000
0.002348000	0.000000000	0.000000000
0.002352000	0.040000000	0.000000000
0.002356000	0.000000000	0.200000000
0.002360000	0.040000000	0.000000000
0.002364000	0.040000000	0.000000000
0.002368000	0.040000000	0.000000000
0.002372000	0.040000000	0.200000000
0.002376000	0.000000000	0.200000000
0.002380000	0.040000000	0.200000000
0.002384000	0.040000000	0.000000000
0.002388000	0.040000000	0.000000000
0.002392000	0.040000000	0.000000000
0.002396000	0.040000000	0.000000000
0.002400000	0.040000000	0.000000000
0.002404000	0.040000000	0.000000000
0.002408000	0.040000000	0.000000000
0.002412000	0.040000000	0.000000000
0.002416000	0.040000000	0.000000000
0.002420000	0.040000000	0.000000000
0.002424000	0.040000000	0.000000000
0.002428000	0.040000000	0.000000000
0.002432000	0.040000000	0.000000000
0.002436000	0.040000000	0.000000000
0.002440000	0.000000000	0.000000000
0.002444000	0.000000000	0.000000000
0.002448000	0.040000000	0.000000000
0.002452000	0.040000000	0.000000000
0.002456000	0.000000000	0.000000000
0.002460000	0.040000000	0.000000000
0.002464000	0.040000000	0.000000000
0.002468000	0.000000000	0.000000000
0.002472000	0.040000000	0.000000000
0.002476000	0.080000000	0.000000000
0.002480000	0.040000000	0.000000000
0.002484000	0.000000000	0.200000000
0.002488000	0.040000000	0.200000000
0.002492000	0.040000000	0.000000000
0.002496000	0.040000000	0.000000000
0.002500000	0.040000000	0.000000000
0.002504000	0.040000000	0.000000000
0.002508000	0.040000000	0.000000000
0.002512000	0.040000000	0.000000000
0.002516000	0.000000000	0.000000000
0.002520000	0.040000000	-0.200000000
0.002524000	0.040000000	0.000000000
0.002528000	0.040000000	0.000000000
0.002532000	0.040000000	0.000000000
0.002536000	0.040000000	0.200000000
0.002540000	0.040000000	0.000000000
0.002544000	0.040000000	0.000000000
0.002548000	0.040000000	0.000000000
0.002552000	0.040000000	0.000000000
0.002556000	0.040000000	0.000000000
0.002560000	0.040000000	0.000000000
0.002564000	0.040000000	0.000000000
0.002568000	0.040000000	0.200000000
0.002572000	0.040000000	0.000000000
0.002576000	0.040000000	0.000000000
0.002580000	0.040000000	0.000000000
0.002584000	0.040000000	0.000000000
0.002588000	0.040000000	0.000000000
0.002592000	0.040000000	0.000000000
0.002596000	0.040000000	0.000000000
0.002600000	0.000000000	0.000000000
0.002604000	0.040000000	0.000000000
0.002608000	3.320000000	0.200000000
0.002612000	3.360000000	0.000000000
0.002616000	0.080000000	0.000000000
0.002620000	0.040000000	-0.200000000
0.002624000	0.040000000	-0.200000000
0.002628000	0.040000000	-0.200000000
0.002632000	0.040000000	0.800000000
0.002636000	0.040000000	3.200000000
0.002640000	0.040000000	5.000000000
0.002644000	0.040000000	6.200000000
0.002648000	0.040000000	6.800000000
0.002652000	0.040000000	7.200000000
0.002656000	0.040000000	7.400000000
0.002660000	0.040000000	7.600000000
0.002664000	0.040000000	8.000000000
0.002668000	0.040000000	8.000000000
0.002672000	0.000000000	8.200000000
0.002676000	0.000000000	8.400000000
0.002680000	0.040000000	8.400000000
0.002684000	0.040000000	8.400000000
0.002688000	0.040000000	8.400000000
0.002692000	0.040000000	8.400000000
0.002696000	0.040000000	8.400000000
0.002700000	0.000000000	8.400000000
0.002704000	0.040000000	8.400000000
0.002708000	0.040000000	8.200000000
0.002712000	0.040000000	8.200000000
0.002716000	0.040000000	8.400000000
0.002720000	0.040000000	8.400000000
0.002724000	0.000000000	8.200000000
0.002728000	0.040000000	8.200000000
0.002732000	0.040000000	8.200000000
0.002736000	0.040000000	8.200000000
0.002740000	0.040000000	8.000000000
0.002744000	0.040000000	8.200000000
0.002748000	0.040000000	8.200000000
0.002752000	0.040000000	8.000000000
0.002756000	0.040000000	8.000000000
0.002760000	0.040000000	7.800000000
0.002764000	0.040000000	8.000000000
0.002768000	0.040000000	7.800000000
0.002772000	0.040000000	7.800000000
0.002776000	0.040000000	7.800000000
0.002780000	0.040000000	7.800000000
0.002784000	0.040000000	7.800000000
0.002788000	0.040000000	7.600000000
0.002792000	0.040000000	7.600000000
0.002796000	0.040000000	7.600000000
0.002800000	0.040000000	7.600000000
0.002804000	0.040000000	7.600000000
0.002808000	0.040000000	7.600000000
0.002812000	0.040000000	7.600000000
0.002816000	0.040000000	7.600000000
0.002820000	0.040000000	7.400000000
0.002824000	0.040000000	7.400000000
0.002828000	0.040000000	7.400000000
0.002832000	0.040000000	7.400000000
0.002836000	0.000000000	7.400000000
0.002840000	0.040000000	7.400000000
0.002844000	0.040000000	7.400000000
0.002848000	0.040000000	7.200000000
0.002852000	0.040000000	7.200000000
0.002856000	0.040000000	7.200000000
0.002860000	0.000000000	7.200000000
0.002864000	0.040000000	7.000000000
0.002868000	0.040000000	7.000000000
0.002872000	0.040000000	7.000000000
0.002876000	0.040000000	7.000000000
0.002880000	0.000000000	7.000000000
0.002884000	0.040000000	7.000000000
0.002888000	0.040000000	7.000000000
0.002892000	0.040000000	7.000000000
0.002896000	0.040000000	6.800000000
0.002900000	0.040000000	6.800000000
0.002904000	0.040000000	6.800000000
0.002908000	0.040000000	6.800000000
0.002912000	0.040000000	6.800000000
0.002916000	0.040000000	6.800000000
0.002920000	0.040000000	6.600000000
0.002924000	0.040000000	6.600000000
0.002928000	0.040000000	6.600000000
0.002932000	0.040000000	6.600000000
0.002936000	0.040000000	6.600000000
0.002940000	0.040000000	6.600000000
0.002944000	0.040000000	6.400000000
0.002948000	0.040000000	6.400000000
0.002952000	0.080000000	6.400000000
0.002956000	0.040000000	6.200000000
0.002960000	0.040000000	6.200000000
0.002964000	0.040000000	6.200000000
0.002968000	0.040000000	6.200000000
0.002972000	0.040000000	6.200000000
0.002976000	0.040000000	6.000000000
0.002980000	0.080000000	6.000000000
0.002984000	0.040000000	6.000000000
0.002988000	0.040000000	6.000000000
0.002992000	0.040000000	5.600000000
0.002996000	0.040000000	5.800000000
0.003000000	0.040000000	5.800000000
0.003004000	0.040000000	5.600000000
0.003008000	0.040000000	5.800000000
0.003012000	0.040000000	5.600000000
0.003016000	0.040000000	5.600000000
0.003020000	0.040000000	5.600000000
0.003024000	0.040000000	5.600000000
0.003028000	0.040000000	5.400000000
0.003032000	0.040000000	5.400000000
0.003036000	0.040000000	5.400000000
0.003040000	0.040000000	5.400000000
0.003044000	0.040000000	5.400000000
0.003048000	0.040000000	5.200000000
0.003052000	0.040000000	5.200000000
0.003056000	0.080000000	5.200000000
0.003060000	0.040000000	5.200000000
0.003064000	0.040000000	5.200000000
0.003068000	0.040000000	5.000000000
0.003072000	0.040000000	5.000000000
0.003076000	0.000000000	5.000000000
0.003080000	0.040000000	5.000000000
0.003084000	0.040000000	4.800000000
0.003088000	0.040000000	4.800000000
0.003092000	0.040000000	4.800000000
0.003096000	0.040000000	4.600000000
0.003100000	0.040000000	4.600000000
0.003104000	0.040000000	4.600000000
0.003108000	0.040000000	4.600000000
0.003112000	0.040000000	4.600000000
0.003116000	0.040000000	4.600000000
0.003120000	0.040000000	4.400000000
0.003124000	0.040000000	4.400000000
0.003128000	0.040000000	4.400000000
0.003132000	0.040000000	4.200000000
0.003136000	0.040000000	4.200000000
0.003140000	0.040000000	4.200000000
0.003144000	0.040000000	4.200000000
0.003148000	0.040000000	4.000000000
0.003152000	0.040000000	4.000000000
0.003156000	0.040000000	4.000000000
0.003160000	0.040000000	4.000000000
0.003164000	0.040000000	4.000000000
0.003168000	0.040000000	4.000000000
0.003172000	0.040000000	4.000000000
0.003176000	0.040000000	4.000000000
0.003180000	0.040000000	3.800000000
0.003184000	0.040000000	3.600000000
0.003188000	0.040000000	3.600000000
0.003192000	0.040000000	3.600000000
0.003196000	0.040000000	3.800000000
0.003200000	0.040000000	3.600000000
0.003204000	0.040000000	3.600000000
0.003208000	0.040000000	3.600000000
0.003212000	0.000000000	3.400000000
0.003216000	0.040000000	3.400000000
0.003220000	0.040000000	3.400000000
0.003224000	0.040000000	3.400000000
0.003228000	0.040000000	3.200000000
0.003232000	0.040000000	3.200000000
0.003236000	0.000000000	3.200000000
0.003240000	0.040000000	3.400000000
0.003244000	0.040000000	3.200000000
0.003248000	0.040000000	3.200000000
0.003252000	0.040000000	3.200000000
0.003256000	0.040000000	3.200000000
0.003260000	0.040000000	3.000000000
0.003264000	0.040000000	3.000000000
0.003268000	0.040000000	2.800000000
0.003272000	0.040000000	3.000000000
0.003276000	0.040000000	3.000000000
0.003280000	0.080000000	2.800000000
0.003284000	0.040000000	2.800000000
0.003288000	0.040000000	2.800000000
0.003292000	0.040000000	2.800000000
0.003296000	0.040000000	2.800000000
0.003300000	0.040000000	2.800000000
0.003304000	0.040000000	2.800000000
0.003308000	0.040000000	2.600000000
0.003312000	0.040000000	2.600000000
0.003316000	0.040000000	2.600000000
0.003320000	0.040000000	2.400000000
0.003324000	0.040000000	2.400000000
0.003328000	0.040000000	2.400000000
0.003332000	0.040000000	2.400000000
0.003336000	0.000000000	2.400000000
0.003340000	0.000000000	2.400000000
0.003344000	0.040000000	2.400000000
0.003348000	0.080000000	2.400000000
0.003352000	0.040000000	2.400000000
0.003356000	0.040000000	2.200000000
0.003360000	0.040000000	2.200000000
0.003364000	0.040000000	2.200000000
0.003368000	0.040000000	2.200000000
0.003372000	0.040000000	2.200000000
0.003376000	0.040000000	2.400000000
0.003380000	0.040000000	2.200000000
0.003384000	0.040000000	2.200000000
0.003388000	0.000000000	2.000000000
0.003392000	0.040000000	2.200000000
0.003396000	0.040000000	2.000000000
0.003400000	0.040000000	2.000000000
0.003404000	0.040000000	2.000000000
0.003408000	0.040000000	2.000000000
0.003412000	0.040000000	2.000000000
0.003416000	0.040000000	2.000000000
0.003420000	0.040000000	1.800000000
0.003424000	0.040000000	2.000000000
0.003428000	0.040000000	1.800000000
0.003432000	0.040000000	1.800000000
0.003436000	0.040000000	2.000000000
0.003440000	0.040000000	2.000000000
0.003444000	0.040000000	1.800000000
0.003448000	0.040000000	1.800000000
0.003452000	0.040000000	1.800000000
0.003456000	0.000000000	1.800000000
0.003460000	0.040000000	1.800000000
0.003464000	0.040000000	1.800000000
0.003468000	0.040000000	1.800000000
0.003472000	0.040000000	1.800000000
0.003476000	0.040000000	1.800000000
0.003480000	0.040000000	1.600000000
0.003484000	0.040000000	1.600000000
0.003488000	0.040000000	1.600000000
0.003492000	0.000000000	1.600000000
0.003496000	0.040000000	1.600000000
0.003500000	0.040000000	1.600000000
0.003504000	0.040000000	1.800000000
0.003508000	0.040000000	1.600000000
0.003512000	0.040000000	1.600000000
0.003516000	0.040000000	1.600000000
0.003520000	0.040000000	1.600000000
0.003524000	0.040000000	1.400000000
0.003528000	0.000000000	1.600000000
0.003532000	0.040000000	1.600000000
0.003536000	0.040000000	1.400000000
0.003540000	0.040000000	1.600000000
0.003544000	0.040000000	1.400000000
0.003548000	0.040000000	1.400000000
0.003552000	0.040000000	1.400000000
0.003556000	0.040000000	1.400000000
0.003560000	0.040000000	1.400000000
0.003564000	0.040000000	1.400000000
0.003568000	0.040000000	1.400000000
0.003572000	0.040000000	1.200000000
0.003576000	0.040000000	1.400000000
0.003580000	0.000000000	1.400000000
0.003584000	0.040000000	1.400000000
0.003588000	0.040000000	1.400000000
0.003592000	0.040000000	1.200000000
0.003596000	0.040000000	1.200000000
0.003600000	0.040000000	1.200000000
0.003604000	0.040000000	1.200000000
0.003608000	0.040000000	1.200000000
0.003612000	0.040000000	1.200000000
0.003616000	0.040000000	1.200000000
0.003620000	0.040000000	1.200000000
0.003624000	0.040000000	1.000000000
0.003628000	0.000000000	1.200000000
0.003632000	0.040000000	1.200000000
0.003636000	0.040000000	1.000000000
0.003640000	0.040000000	1.000000000
0.003644000	0.040000000	1.200000000
0.003648000	0.040000000	1.000000000
0.003652000	0.040000000	1.000000000
0.003656000	0.040000000	1.000000000
0.003660000	0.040000000	1.000000000
0.003664000	0.040000000	1.000000000
0.003668000	0.040000000	1.200000000
0.003672000	0.040000000	1.200000000
0.003676000	0.040000000	1.000000000
0.003680000	0.040000000	1.000000000
0.003684000	0.040000000	1.000000000
0.003688000	0.040000000	1.000000000
0.003692000	0.040000000	1.000000000
0.003696000	0.040000000	1.000000000
0.003700000	0.040000000	1.000000000
0.003704000	0.040000000	1.000000000
0.003708000	0.040000000	1.000000000
0.003712000	0.040000000	1.000000000
0.003716000	0.040000000	1.000000000
0.003720000	0.040000000	1.000000000
0.003724000	0.040000000	1.000000000
0.003728000	0.040000000	1.000000000
0.003732000	0.040000000	1.000000000
0.003736000	0.040000000	1.000000000
0.003740000	0.040000000	0.800000000
0.003744000	0.000000000	1.000000000
0.003748000	0.040000000	1.000000000
0.003752000	0.040000000	1.000000000
0.003756000	0.040000000	0.800000000
0.003760000	0.040000000	0.800000000
0.003764000	0.040000000	0.800000000
0.003768000	0.040000000	0.800000000
0.003772000	0.040000000	0.800000000
0.003776000	0.040000000	1.000000000
0.003780000	0.040000000	0.800000000
0.003784000	0.040000000	0.800000000
0.003788000	0.040000000	1.000000000
0.003792000	0.040000000	0.800000000
0.003796000	0.040000000	1.000000000
0.003800000	0.040000000	1.000000000
0.003804000	0.040000000	0.800000000
0.003808000	0.040000000	0.800000000
0.003812000	0.040000000	0.800000000
0.003816000	0.040000000	0.800000000
0.003820000	0.040000000	0.800000000
0.003824000	0.040000000	0.800000000
0.003828000	0.040000000	0.800000000
0.003832000	0.040000000	0.800000000
0.003836000	0.040000000	0.800000000
0.003840000	0.040000000	0.800000000
0.003844000	0.040000000	0.800000000
0.003848000	0.040000000	1.000000000
0.003852000	0.040000000	1.000000000
0.003856000	0.000000000	0.800000000
0.003860000	0.040000000	0.600000000
0.003864000	0.040000000	0.800000000
0.003868000	0.040000000	0.800000000
0.003872000	0.040000000	0.800000000
0.003876000	0.040000000	0.600000000
0.003880000	0.040000000	0.600000000
0.003884000	0.040000000	0.600000000
0.003888000	0.040000000	0.600000000
0.003892000	0.040000000	0.600000000
0.003896000	0.040000000	0.600000000
0.003900000	0.040000000	0.600000000
0.003904000	0.040000000	0.600000000
0.003908000	0.040000000	0.600000000
0.003912000	0.040000000	0.600000000
0.003916000	0.000000000	0.600000000
0.003920000	0.040000000	0.600000000
0.003924000	0.000000000	0.600000000
0.003928000	0.040000000	0.400000000
0.003932000	0.040000000	0.600000000
0.003936000	0.040000000	0.600000000
0.003940000	0.000000000	0.600000000
0.003944000	0.040000000	0.400000000
0.003948000	0.040000000	0.600000000
0.003952000	0.040000000	0.600000000
0.003956000	0.040000000	0.600000000
0.003960000	0.040000000	0.600000000
0.003964000	0.040000000	0.600000000
0.003968000	0.040000000	0.600000000
0.003972000	0.040000000	0.600000000
0.003976000	0.040000000	0.400000000
0.003980000	0.000000000	0.400000000
0.003984000	0.040000000	0.400000000
0.003988000	0.040000000	0.400000000
0.003992000	0.040000000	0.400000000
0.003996000	0.040000000	0.400000000
0.004000000	0.040000000	0.400000000
0.004004000	0.040000000	0.400000000
0.004008000	0.040000000	0.400000000
0.004012000	0.040000000	0.400000000
0.004016000	0.040000000	0.400000000
0.004020000	0.040000000	0.400000000
0.004024000	0.040000000	0.400000000
0.004028000	0.040000000	0.400000000
0.004032000	0.040000000	0.400000000
0.004036000	0.040000000	0.400000000
0.004040000	0.040000000	0.400000000
0.004044000	0.040000000	0.400000000
0.004048000	0.040000000	0.400000000
0.004052000	0.000000000	0.400000000
0.004056000	0.040000000	0.400000000
0.004060000	0.040000000	0.400000000
0.004064000	0.000000000	0.400000000
0.004068000	0.040000000	0.600000000
0.004072000	0.040000000	0.400000000
0.004076000	0.040000000	0.400000000
0.004080000	0.040000000	0.200000000
0.004084000	0.000000000	0.200000000
0.004088000	0.040000000	0.400000000
0.004092000	0.040000000	0.400000000
0.004096000	0.040000000	0.400000000
0.004100000	0.040000000	0.400000000
0.004104000	0.000000000	0.400000000
0.004108000	0.040000000	0.200000000
0.004112000	0.040000000	0.400000000
0.004116000	0.040000000	0.400000000
0.004120000	0.040000000	0.400000000
0.004124000	0.040000000	0.200000000
0.004128000	0.040000000	0.400000000
0.004132000	0.040000000	0.400000000
0.004136000	0.000000000	0.400000000
0.004140000	0.080000000	0.200000000
0.004144000	0.040000000	0.200000000
0.004148000	0.040000000	0.200000000
0.004152000	0.040000000	0.200000000
0.004156000	0.040000000	0.200000000
0.004160000	0.040000000	0.200000000
0.004164000	0.040000000	0.200000000
0.004168000	0.040000000	0.200000000
0.004172000	0.000000000	0.200000000
0.004176000	0.040000000	0.200000000
0.004180000	0.040000000	0.200000000
0.004184000	0.040000000	0.200000000
0.004188000	0.040000000	0.400000000
0.004192000	0.040000000	0.200000000
0.004196000	0.040000000	0.200000000
0.004200000	0.040000000	0.000000000
0.004204000	0.040000000	0.200000000
0.004208000	0.040000000	0.200000000
0.004212000	0.040000000	0.200000000
0.004216000	0.040000000	0.200000000
0.004220000	0.040000000	0.400000000
0.004224000	0.040000000	0.200000000
0.004228000	0.040000000	0.200000000
0.004232000	0.040000000	0.200000000
0.004236000	0.040000000	0.200000000
0.004240000	0.040000000	0.200000000
0.004244000	0.040000000	0.200000000
0.004248000	0.040000000	0.200000000
0.004252000	0.040000000	0.200000000
0.004256000	0.040000000	0.200000000
0.004260000	0.040000000	0.200000000
0.004264000	0.040000000	0.200000000
0.004268000	0.040000000	0.000000000
0.004272000	0.040000000	0.200000000
0.004276000	0.040000000	0.200000000
0.004280000	0.080000000	0.200000000
0.004284000	0.040000000	0.200000000
0.004288000	0.040000000	0.200000000
0.004292000	0.040000000	0.200000000
0.004296000	0.040000000	0.200000000
0.004300000	0.040000000	0.200000000
0.004304000	0.040000000	0.200000000
0.004308000	0.040000000	0.200000000
0.004312000	0.040000000	0.000000000
0.004316000	0.040000000	0.200000000
0.004320000	0.040000000	0.200000000
0.004324000	0.040000000	0.200000000
0.004328000	0.040000000	0.200000000
0.004332000	0.040000000	0.200000000
0.004336000	0.000000000	0.200000000
0.004340000	0.040000000	0.200000000
0.004344000	0.040000000	0.200000000
0.004348000	0.000000000	0.200000000
0.004352000	0.040000000	0.200000000
0.004356000	0.040000000	0.200000000
0.004360000	0.040000000	0.200000000
0.004364000	0.040000000	0.200000000
0.004368000	0.040000000	0.200000000
0.004372000	0.040000000	0.200000000
0.004376000	0.040000000	0.200000000
0.004380000	0.040000000	0.200000000
0.004384000	0.040000000	0.200000000
0.004388000	0.040000000	0.200000000
0.004392000	0.040000000	0.200000000
0.004396000	0.040000000	0.000000000
0.004400000	0.040000000	0.000000000
0.004404000	0.040000000	0.200000000
0.004408000	0.040000000	0.000000000
0.004412000	0.040000000	0.000000000
0.004416000	0.040000000	0.000000000
0.004420000	0.040000000	0.200000000
0.004424000	0.000000000	0.200000000
0.004428000	0.040000000	0.200000000
0.004432000	0.040000000	0.000000000
0.004436000	0.040000000	0.000000000
0.004440000	0.040000000	0.000000000
0.004444000	0.040000000	0.200000000
0.004448000	0.080000000	0.000000000
0.004452000	0.040000000	0.000000000
0.004456000	0.040000000	0.000000000
0.004460000	0.040000000	0.000000000
0.004464000	0.040000000	0.000000000
0.004468000	0.040000000	0.000000000
0.004472000	0.040000000	0.200000000
0.004476000	0.000000000	0.000000000
0.004480000	0.040000000	0.000000000
0.004484000	0.040000000	0.000000000
0.004488000	0.040000000	0.000000000
0.004492000	0.040000000	0.000000000
0.004496000	0.040000000	0.000000000
0.004500000	0.040000000	0.000000000
0.004504000	0.040000000	0.000000000
0.004508000	0.040000000	0.000000000
0.004512000	0.040000000	0.000000000
0.004516000	0.040000000	0.000000000
0.004520000	0.040000000	0.000000000
0.004524000	0.040000000	0.000000000
0.004528000	0.040000000	0.000000000
0.004532000	0.040000000	0.000000000
0.004536000	0.040000000	0.000000000
0.004540000	0.040000000	0.000000000
0.004544000	0.040000000	0.000000000
0.004548000	0.040000000	0.200000000
0.004552000	0.040000000	0.000000000
0.004556000	0.040000000	0.000000000
0.004560000	0.040000000	0.000000000
0.004564000	0.000000000	0.000000000
0.004568000	0.040000000	0.000000000
0.004572000	0.040000000	-0.200000000
0.004576000	0.000000000	0.000000000
0.004580000	0.040000000	0.000000000
0.004584000	0.000000000	0.000000000
0.004588000	0.040000000	0.000000000
0.004592000	0.040000000	0.000000000
0.004596000	0.040000000	0.000000000
0.004600000	0.040000000	0.000000000
0.004604000	0.040000000	0.000000000
0.004608000	0.040000000	0.000000000
0.004612000	0.040000000	0.000000000
0.004616000	0.040000000	0.000000000
0.004620000	0.040000000	-0.200000000
0.004624000	0.040000000	0.000000000
0.004628000	0.040000000	0.000000000
0.004632000	0.040000000	-0.200000000
0.004636000	0.040000000	0.000000000
0.004640000	0.040000000	0.000000000
0.004644000	0.040000000	0.000000000
0.004648000	0.040000000	0.000000000
0.004652000	0.040000000	0.000000000
0.004656000	0.040000000	0.000000000
0.004660000	0.040000000	0.000000000
0.004664000	0.040000000	0.000000000
0.004668000	0.040000000	-0.200000000
0.004672000	0.000000000	-0.200000000
0.004676000	0.040000000	-0.200000000
0.004680000	0.040000000	0.000000000
0.004684000	0.040000000	0.000000000
0.004688000	0.040000000	0.000000000
0.004692000	0.040000000	0.000000000
0.004696000	0.040000000	0.000000000
0.004700000	0.040000000	0.000000000
0.004704000	0.040000000	0.000000000
0.004708000	0.040000000	0.000000000
0.004712000	0.000000000	0.000000000
0.004716000	0.040000000	0.000000000
0.004720000	0.000000000	0.000000000
0.004724000	0.040000000	0.000000000
0.004728000	0.040000000	0.000000000
0.004732000	0.040000000	-0.200000000
0.004736000	0.040000000	0.000000000
0.004740000	0.040000000	0.000000000
0.004744000	0.040000000	-0.200000000
0.004748000	0.040000000	0.000000000
0.004752000	0.040000000	0.000000000
0.004756000	0.040000000	0.000000000
0.004760000	0.040000000	-0.200000000
0.004764000	0.040000000	0.000000000
0.004768000	0.040000000	0.000000000
0.004772000	0.040000000	0.000000000
0.004776000	0.040000000	0.000000000
0.004780000	0.040000000	0.000000000
0.004784000	0.040000000	0.000000000
0.004788000	0.040000000	-0.200000000
0.004792000	0.040000000	-0.200000000
0.004796000	0.040000000	-0.200000000
0.004800000	0.040000000	-0.200000000
0.004804000	0.000000000	0.000000000
0.004808000	0.040000000	0.000000000
0.004812000	0.040000000	0.000000000
0.004816000	0.040000000	-0.200000000
0.004820000	0.040000000	-0.200000000
0.004824000	0.000000000	-0.200000000
0.004828000	0.040000000	-0.200000000
0.004832000	0.040000000	0.000000000
0.004836000	0.040000000	-0.200000000
0.004840000	0.040000000	-0.200000000
0.004844000	0.040000000	-0.200000000
0.004848000	0.000000000	0.000000000
0.004852000	0.040000000	-0.200000000
0.004856000	0.040000000	-0.200000000
0.004860000	0.040000000	-0.200000000
0.004864000	0.040000000	0.000000000
0.004868000	0.040000000	0.000000000
0.004872000	0.040000000	0.000000000
0.004876000	0.040000000	-0.200000000
0.004880000	0.040000000	0.000000000
0.004884000	0.000000000	0.000000000
0.004888000	0.040000000	0.000000000
0.004892000	0.040000000	0.000000000
0.004896000	0.040000000	-0.200000000
0.004900000	0.040000000	-0.200000000
0.004904000	0.040000000	-0.200000000
0.004908000	0.040000000	0.000000000
0.004912000	0.040000000	-0.200000000
0.004916000	0.040000000	-0.200000000
0.004920000	0.040000000	-0.200000000
0.004924000	0.040000000	0.000000000
0.004928000	0.040000000	0.000000000
0.004932000	0.040000000	-0.200000000
0.004936000	0.040000000	0.000000000
0.004940000	0.040000000	0.000000000
0.004944000	0.040000000	-0.200000000
0.004948000	0.040000000	0.000000000
0.004952000	0.040000000	-0.200000000
0.004956000	0.040000000	0.000000000
0.004960000	0.040000000	-0.200000000
0.004964000	0.040000000	-0.200000000
0.004968000	3.320000000	-0.200000000
0.004972000	3.400000000	-0.400000000
0.004976000	3.360000000	-0.400000000
0.004980000	0.040000000	-0.400000000
0.004984000	0.040000000	-0.400000000
0.004988000	0.040000000	-0.400000000
0.004992000	0.040000000	-0.600000000
0.004996000	0.040000000	-0.400000000
0.005000000	0.040000000	0.200000000
0.005004000	0.000000000	0.400000000
0.005008000	0.040000000	0.600000000
0.005012000	0.000000000	0.400000000
0.005016000	0.040000000	0.600000000
0.005020000	0.000000000	0.600000000
0.005024000	0.040000000	0.600000000
0.005028000	0.040000000	0.600000000
0.005032000	0.040000000	0.600000000
0.005036000	0.040000000	0.400000000
0.005040000	0.040000000	0.600000000
0.005044000	0.040000000	0.800000000
0.005048000	0.040000000	0.800000000
0.005052000	0.040000000	0.600000000
0.005056000	0.000000000	0.600000000
0.005060000	0.040000000	0.800000000
0.005064000	0.040000000	0.800000000
0.005068000	0.040000000	0.600000000
0.005072000	0.040000000	0.600000000
0.005076000	0.040000000	0.600000000
0.005080000	0.040000000	0.600000000
0.005084000	0.040000000	0.600000000
0.005088000	0.040000000	0.600000000
0.005092000	0.040000000	0.600000000
0.005096000	0.040000000	0.600000000
0.005100000	0.040000000	0.600000000
0.005104000	0.040000000	0.600000000
0.005108000	0.040000000	0.600000000
0.005112000	0.040000000	0.600000000
0.005116000	0.040000000	0.600000000
0.005120000	0.040000000	0.600000000
0.005124000	0.040000000	0.600000000
0.005128000	0.040000000	0.600000000
0.005132000	0.040000000	0.600000000
0.005136000	0.040000000	0.600000000
0.005140000	0.040000000	0.600000000
0.005144000	0.040000000	0.600000000
0.005148000	0.040000000	0.600000000
0.005152000	0.040000000	0.600000000
0.005156000	0.040000000	0.600000000
0.005160000	0.040000000	0.600000000
0.005164000	0.000000000	0.600000000
0.005168000	0.040000000	0.400000000
0.005172000	0.040000000	0.600000000
0.005176000	0.040000000	0.400000000
0.005180000	0.040000000	0.600000000
0.005184000	0.000000000	0.600000000
0.005188000	0.000000000	0.600000000
0.005192000	0.040000000	0.400000000
0.005196000	0.040000000	0.400000000
0.005200000	0.040000000	0.400000000
0.005204000	0.040000000	0.200000000
0.005208000	0.040000000	0.400000000
0.005212000	0.040000000	0.400000000
0.005216000	0.040000000	0.400000000
0.005220000	0.040000000	0.400000000
0.005224000	0.040000000	0.400000000
0.005228000	0.040000000	0.400000000
0.005232000	0.040000000	0.400000000
0.005236000	0.040000000	0.200000000
0.005240000	0.040000000	0.400000000
0.005244000	0.040000000	0.400000000
0.005248000	0.040000000	0.400000000
0.005252000	0.040000000	0.400000000
0.005256000	0.000000000	0.400000000
0.005260000	0.040000000	0.400000000
0.005264000	0.040000000	0.400000000
0.005268000	0.040000000	0.400000000
0.005272000	0.040000000	0.400000000
0.005276000	0.040000000	0.400000000
0.005280000	0.040000000	0.400000000
0.005284000	0.040000000	0.400000000
0.005288000	0.000000000	0.400000000
0.005292000	0.040000000	0.400000000
0.005296000	0.040000000	0.200000000
0.005300000	0.040000000	0.400000000
0.005304000	0.040000000	0.200000000
0.005308000	0.040000000	0.200000000
0.005312000	0.040000000	0.200000000
0.005316000	0.040000000	0.400000000
0.005320000	0.040000000	0.400000000
0.005324000	0.040000000	0.400000000
0.005328000	0.040000000	0.200000000
0.005332000	0.040000000	0.200000000
0.005336000	0.000000000	0.200000000
0.005340000	0.040000000	0.200000000
0.005344000	0.040000000	0.200000000
0.005348000	0.040000000	0.200000000
0.005352000	0.000000000	0.200000000
0.005356000	0.040000000	0.200000000
0.005360000	0.040000000	0.200000000
0.005364000	0.000000000	0.200000000
0.005368000	0.040000000	0.200000000
0.005372000	0.040000000	0.200000000
0.005376000	0.040000000	0.200000000
0.005380000	0.040000000	0.200000000
0.005384000	0.000000000	0.200000000
0.005388000	0.000000000	0.200000000
0.005392000	0.040000000	0.200000000
0.005396000	0.000000000	0.200000000
0.005400000	0.040000000	0.200000000
0.005404000	0.040000000	0.200000000
0.005408000	0.040000000	0.200000000
0.005412000	0.040000000	0.200000000
0.005416000	0.000000000	0.200000000
0.005420000	0.040000000	0.200000000
0.005424000	0.040000000	0.200000000
0.005428000	0.040000000	0.200000000
0.005432000	0.040000000	0.200000000
0.005436000	0.040000000	0.200000000
0.005440000	0.040000000	0.200000000
0.005444000	0.040000000	0.000000000
0.005448000	0.000000000	0.200000000
0.005452000	0.040000000	0.200000000
0.005456000	0.040000000	0.000000000
0.005460000	0.040000000	0.000000000
0.005464000	0.040000000	0.000000000
0.005468000	0.040000000	0.000000000
0.005472000	0.040000000	0.000000000
0.005476000	0.040000000	0.000000000
0.005480000	0.000000000	0.000000000
0.005484000	0.040000000	0.000000000
0.005488000	0.040000000	0.000000000
0.005492000	0.040000000	0.000000000
0.005496000	0.040000000	0.000000000
0.005500000	0.040000000	0.000000000
0.005504000	0.040000000	0.000000000
0.005508000	0.040000000	0.000000000
0.005512000	0.040000000	0.000000000
0.005516000	0.000000000	0.000000000
0.005520000	0.000000000	0.000000000
0.005524000	0.040000000	0.000000000
0.005528000	0.040000000	0.000000000
0.005532000	0.040000000	0.000000000
0.005536000	0.040000000	0.000000000
0.005540000	0.040000000	0.000000000
0.005544000	0.040000000	0.000000000
0.005548000	0.040000000	0.000000000
0.005552000	0.040000000	0.000000000
0.005556000	0.000000000	0.000000000
0.005560000	0.040000000	0.000000000
0.005564000	0.040000000	0.000000000
0.005568000	0.000000000	0.000000000
0.005572000	0.040000000	0.000000000
0.005576000	0.040000000	-0.200000000
0.005580000	0.040000000	0.000000000
0.005584000	0.040000000	0.000000000
0.005588000	0.040000000	0.000000000
0.005592000	0.040000000	0.000000000
0.005596000	0.040000000	-0.200000000
0.005600000	0.040000000	-0.200000000
0.005604000	0.040000000	-0.200000000
0.005608000	0.040000000	0.000000000
0.005612000	0.040000000	0.000000000
0.005616000	0.040000000	0.000000000
0.005620000	0.040000000	0.000000000
0.005624000	0.040000000	0.000000000
0.005628000	0.040000000	0.000000000
0.005632000	0.040000000	0.000000000
0.005636000	0.040000000	-0.200000000
0.005640000	0.040000000	0.000000000
0.005644000	0.040000000	0.000000000
0.005648000	0.040000000	0.000000000
0.005652000	0.040000000	0.000000000
0.005656000	0.000000000	0.000000000
0.005660000	0.040000000	0.000000000
0.005664000	0.040000000	-0.200000000
0.005668000	0.000000000	-0.200000000
0.005672000	0.040000000	-0.200000000
0.005676000	0.040000000	-0.200000000
0.005680000	0.040000000	0.000000000
0.005684000	0.040000000	0.000000000
0.005688000	0.040000000	0.000000000
0.005692000	0.040000000	0.000000000
0.005696000	0.040000000	0.000000000
0.005700000	0.040000000	-0.200000000
0.005704000	0.040000000	-0.200000000
0.005708000	0.040000000	-0.200000000
0.005712000	0.040000000	-0.200000000
0.005716000	0.040000000	-0.200000000
0.005720000	0.040000000	0.000000000
0.005724000	0.040000000	0.000000000
0.005728000	0.040000000	0.000000000
0.005732000	0.040000000	0.000000000
0.005736000	0.040000000	0.000000000
0.005740000	0.040000000	0.000000000
0.005744000	0.040000000	0.000000000
0.005748000	0.040000000	0.000000000
0.005752000	0.040000000	0.000000000
0.005756000	0.040000000	-0.200000000
0.005760000	0.040000000	0.000000000
0.005764000	0.040000000	0.000000000
0.005768000	0.040000000	0.000000000
0.005772000	0.040000000	0.000000000
0.005776000	0.040000000	0.000000000
0.005780000	0.040000000	0.000000000
0.005784000	0.040000000	0.000000000
0.005788000	0.000000000	0.000000000
0.005792000	0.040000000	0.000000000
0.005796000	0.040000000	0.000000000
0.005800000	0.040000000	0.000000000
0.005804000	0.040000000	0.000000000
0.005808000	0.040000000	0.000000000
0.005812000	0.040000000	0.000000000
0.005816000	0.000000000	0.200000000
0.005820000	0.040000000	0.200000000
0.005824000	0.040000000	0.000000000
0.005828000	0.040000000	0.000000000
0.005832000	0.040000000	0.000000000
0.005836000	0.040000000	0.000000000
0.005840000	0.040000000	0.200000000
0.005844000	0.040000000	0.200000000
0.005848000	0.040000000	0.000000000
0.005852000	0.040000000	0.200000000
0.005856000	0.040000000	0.200000000
0.005860000	0.040000000	0.000000000
0.005864000	0.040000000	0.200000000
0.005868000	0.040000000	0.200000000
0.005872000	0.040000000	0.000000000
0.005876000	0.000000000	0.000000000
0.005880000	0.040000000	0.000000000
0.005884000	0.040000000	0.200000000
0.005888000	0.040000000	0.000000000
0.005892000	0.040000000	0.200000000
0.005896000	0.040000000	0.200000000
0.005900000	0.040000000	0.200000000
0.005904000	0.040000000	0.200000000
0.005908000	0.040000000	0.400000000
0.005912000	0.040000000	0.200000000
0.005916000	0.040000000	0.200000000
0.005920000	0.040000000	0.200000000
0.005924000	0.040000000	0.200000000
0.005928000	0.040000000	0.200000000
0.005932000	0.040000000	0.200000000
0.005936000	0.040000000	0.200000000
0.005940000	0.040000000	0.200000000
0.005944000	0.040000000	0.200000000
0.005948000	0.040000000	0.200000000
0.005952000	0.040000000	0.200000000
0.005956000	0.040000000	0.200000000
0.005960000	0.040000000	0.200000000
0.005964000	0.040000000	0.200000000
0.005968000	0.040000000	0.200000000
0.005972000	0.040000000	0.200000000
0.005976000	0.040000000	0.200000000
0.005980000	0.040000000	0.200000000
0.005984000	0.040000000	0.200000000
0.005988000	0.040000000	0.400000000
0.005992000	0.040000000	0.200000000
0.005996000	0.040000000	0.200000000
0.006000000	0.040000000	0.200000000
0.006004000	0.000000000	0.200000000
0.006008000	0.040000000	0.200000000
0.006012000	0.040000000	0.200000000
0.006016000	0.000000000	0.200000000
0.006020000	0.040000000	0.200000000
0.006024000	0.040000000	0.200000000
0.006028000	0.040000000	0.400000000
0.006032000	0.040000000	0.400000000
0.006036000	0.040000000	0.200000000
0.006040000	0.040000000	0.200000000
0.006044000	0.040000000	0.200000000
0.006048000	0.040000000	0.200000000
0.006052000	0.040000000	0.400000000
0.006056000	0.040000000	0.200000000
0.006060000	0.040000000	0.200000000
0.006064000	0.000000000	0.400000000
0.006068000	0.040000000	0.200000000
0.006072000	0.040000000	0.200000000
0.006076000	0.040000000	0.400000000
0.006080000	0.040000000	0.400000000
0.006084000	0.040000000	0.400000000
0.006088000	0.040000000	0.400000000
0.006092000	0.040000000	0.200000000
0.006096000	0.040000000	0.200000000
0.006100000	0.040000000	0.400000000
0.006104000	0.040000000	0.400000000
0.006108000	0.000000000	0.200000000
0.006112000	0.040000000	0.400000000
0.006116000	0.000000000	0.600000000
0.006120000	0.040000000	0.400000000
0.006124000	0.040000000	0.400000000
0.006128000	0.040000000	0.400000000
0.006132000	0.040000000	0.400000000
0.006136000	0.040000000	0.400000000
0.006140000	0.040000000	0.400000000
0.006144000	0.040000000	0.600000000
0.006148000	0.040000000	0.400000000
0.006152000	0.040000000	0.600000000
0.006156000	0.040000000	0.400000000
0.006160000	0.040000000	0.600000000
0.006164000	0.040000000	0.600000000
0.006168000	0.000000000	0.600000000
0.006172000	0.040000000	0.400000000
0.006176000	0.040000000	0.400000000
0.006180000	0.040000000	0.600000000
0.006184000	0.040000000	0.600000000
0.006188000	0.040000000	0.400000000
0.006192000	0.040000000	0.600000000
0.006196000	0.040000000	0.400000000
0.006200000	0.040000000	0.600000000
0.006204000	0.040000000	0.600000000
0.006208000	0.040000000	0.600000000
0.006212000	0.040000000	0.600000000
0.006216000	0.040000000	0.600000000
0.006220000	0.040000000	0.600000000
0.006224000	0.040000000	0.800000000
0.006228000	0.040000000	0.600000000
0.006232000	0.040000000	0.600000000
0.006236000	0.040000000	0.600000000
0.006240000	0.000000000	0.600000000
0.006244000	0.040000000	0.600000000
0.006248000	0.040000000	0.600000000
0.006252000	0.040000000	0.600000000
0.006256000	0.040000000	0.600000000
0.006260000	0.040000000	0.600000000
0.006264000	0.040000000	0.400000000
0.006268000	0.040000000	0.400000000
0.006272000	0.040000000	0.600000000
0.006276000	0.080000000	0.600000000
0.006280000	0.040000000	0.600000000
0.006284000	0.040000000	0.600000000
0.006288000	0.040000000	0.600000000
0.006292000	0.040000000	0.800000000
0.006296000	0.040000000	0.800000000
0.006300000	0.040000000	0.600000000
0.006304000	0.000000000	0.600000000
0.006308000	0.080000000	0.600000000
0.006312000	0.040000000	0.600000000
0.006316000	0.040000000	0.600000000
0.006320000	0.040000000	0.600000000
0.006324000	0.040000000	0.600000000
0.006328000	0.040000000	0.800000000
0.006332000	0.040000000	0.800000000
0.006336000	0.040000000	0.800000000
0.006340000	0.040000000	0.800000000
0.006344000	0.040000000	0.800000000
0.006348000	0.040000000	0.800000000
0.006352000	0.040000000	0.800000000
0.006356000	0.040000000	0.800000000
0.006360000	0.040000000	0.800000000
0.006364000	0.040000000	0.600000000
0.006368000	0.000000000	0.600000000
0.006372000	0.040000000	0.800000000
0.006376000	0.040000000	0.800000000
0.006380000	0.040000000	0.800000000
0.006384000	0.040000000	0.800000000
0.006388000	0.040000000	0.800000000
0.006392000	0.000000000	0.800000000
0.006396000	0.040000000	0.800000000
0.006400000	0.040000000	0.800000000
0.006404000	0.040000000	0.600000000
0.006408000	0.040000000	0.800000000
0.006412000	0.040000000	0.800000000
0.006416000	0.040000000	0.800000000
0.006420000	0.040000000	0.800000000
0.006424000	0.000000000	0.800000000
0.006428000	0.040000000	1.000000000
0.006432000	0.040000000	1.000000000
0.006436000	0.040000000	1.000000000
0.006440000	0.040000000	1.000000000
0.006444000	0.040000000	1.000000000
0.006448000	0.040000000	1.000000000
0.006452000	0.040000000	1.000000000
0.006456000	0.040000000	0.800000000
0.006460000	0.040000000	0.800000000
0.006464000	0.040000000	1.000000000
0.006468000	0.040000000	1.000000000
0.006472000	0.040000000	1.000000000
0.006476000	0.040000000	1.000000000
0.006480000	0.040000000	1.000000000
0.006484000	0.040000000	1.000000000
0.006488000	0.040000000	1.000000000
0.006492000	0.040000000	1.000000000
0.006496000	0.040000000	1.000000000
0.006500000	0.040000000	1.000000000
0.006504000	0.040000000	1.000000000
0.006508000	0.040000000	1.000000000
0.006512000	0.040000000	1.000000000
0.006516000	0.040000000	1.000000000
0.006520000	0.040000000	1.000000000
0.006524000	0.000000000	1.000000000
0.006528000	0.040000000	1.000000000
0.006532000	0.040000000	1.000000000
0.006536000	0.040000000	1.000000000
0.006540000	0.040000000	1.000000000
0.006544000	0.040000000	1.000000000
0.006548000	0.040000000	1.000000000
0.006552000	0.040000000	1.000000000
0.006556000	0.040000000	1.200000000
0.006560000	0.040000000	1.200000000
0.006564000	0.040000000	1.200000000
0.006568000	0.040000000	1.200000000
0.006572000	0.040000000	1.200000000
0.006576000	0.040000000	1.200000000
0.006580000	0.040000000	1.200000000
0.006584000	0.040000000	1.200000000
0.006588000	0.040000000	1.200000000
0.006592000	0.040000000	1.200000000
0.006596000	0.040000000	1.200000000
0.006600000	0.040000000	1.200000000
0.006604000	0.040000000	1.200000000
0.006608000	0.040000000	1.200000000
0.006612000	0.040000000	1.400000000
0.006616000	0.040000000	1.400000000
0.006620000	0.040000000	1.400000000
0.006624000	0.040000000	1.400000000
0.006628000	0.000000000	1.400000000
0.006632000	0.040000000	1.400000000
0.006636000	0.040000000	1.600000000
0.006640000	0.040000000	1.600000000
0.006644000	0.040000000	1.600000000
0.006648000	0.040000000	1.600000000
0.006652000	0.080000000	1.600000000
0.006656000	0.040000000	1.600000000
0.006660000	0.040000000	1.400000000
0.006664000	0.040000000	1.400000000
0.006668000	0.040000000	1.600000000
0.006672000	0.040000000	1.600000000
0.006676000	0.040000000	1.600000000
0.006680000	0.040000000	1.600000000
0.006684000	0.040000000	1.600000000
0.006688000	0.040000000	1.600000000
0.006692000	0.040000000	1.600000000
0.006696000	0.040000000	1.800000000
0.006700000	0.040000000	1.800000000
0.006704000	0.040000000	1.800000000
0.006708000	0.000000000	1.800000000
0.006712000	0.040000000	1.800000000
0.006716000	0.040000000	1.800000000
0.006720000	0.040000000	1.800000000
0.006724000	0.040000000	2.000000000
0.006728000	0.040000000	2.000000000
0.006732000	0.040000000	2.000000000
0.006736000	0.040000000	2.000000000
0.006740000	0.040000000	2.200000000
0.006744000	0.040000000	2.000000000
0.006748000	0.000000000	2.000000000
0.006752000	0.040000000	2.000000000
0.006756000	0.040000000	2.000000000
0.006760000	0.040000000	2.000000000
0.006764000	0.040000000	2.000000000
0.006768000	0.040000000	2.000000000
0.006772000	0.040000000	2.200000000
0.006776000	0.040000000	2.400000000
0.006780000	0.040000000	2.200000000
0.006784000	0.040000000	2.400000000
0.006788000	0.040000000	2.200000000
0.006792000	0.040000000	2.400000000
0.006796000	0.040000000	2.400000000
0.006800000	0.000000000	2.400000000
0.006804000	0.040000000	2.400000000
0.006808000	0.040000000	2.400000000
0.006812000	0.040000000	2.400000000
0.006816000	0.040000000	2.400000000
0.006820000	0.040000000	2.600000000
0.006824000	0.040000000	2.600000000
0.006828000	0.040000000	2.600000000
0.006832000	0.000000000	2.600000000
0.006836000	0.040000000	2.600000000
0.006840000	0.040000000	2.600000000
0.006844000	0.040000000	2.600000000
0.006848000	0.040000000	2.800000000
0.006852000	0.040000000	2.600000000
0.006856000	0.040000000	2.600000000
0.006860000	0.040000000	2.800000000
0.006864000	0.000000000	2.600000000
0.006868000	0.040000000	2.800000000
0.006872000	0.000000000	2.800000000
0.006876000	0.040000000	2.800000000
0.006880000	0.040000000	3.000000000
0.006884000	0.040000000	3.000000000
0.006888000	0.040000000	2.800000000
0.006892000	0.040000000	3.000000000
0.006896000	0.040000000	3.000000000
0.006900000	0.040000000	3.000000000
0.006904000	0.040000000	3.200000000
0.006908000	0.040000000	3.200000000
0.006912000	0.040000000	3.200000000
0.006916000	0.040000000	3.200000000
0.006920000	0.040000000	3.200000000
0.006924000	0.040000000	3.200000000
0.006928000	0.040000000	3.200000000
0.006932000	0.040000000	3.200000000
0.006936000	0.040000000	3.200000000
0.006940000	0.040000000	3.200000000
0.006944000	0.040000000	3.200000000
0.006948000	0.040000000	3.200000000
0.006952000	0.040000000	3.400000000
0.006956000	0.040000000	3.400000000
0.006960000	0.040000000	3.400000000
0.006964000	0.040000000	3.400000000
0.006968000	0.040000000	3.600000000
0.006972000	0.040000000	3.400000000
0.006976000	0.040000000	3.400000000
0.006980000	0.040000000	3.600000000
0.006984000	0.040000000	3.600000000
0.006988000	0.040000000	3.600000000
0.006992000	0.040000000	3.600000000
0.006996000	0.040000000	3.800000000
0.007000000	0.040000000	3.800000000
0.007004000	0.040000000	3.800000000
0.007008000	0.040000000	3.800000000
0.007012000	0.040000000	4.000000000
0.007016000	0.000000000	4.000000000
0.007020000	0.040000000	3.800000000
0.007024000	0.040000000	4.000000000
0.007028000	0.040000000	3.800000000
0.007032000	0.000000000	4.000000000
0.007036000	0.040000000	4.000000000
0.007040000	0.040000000	4.200000000
0.007044000	0.040000000	4.200000000
0.007048000	0.040000000	4.200000000
0.007052000	0.040000000	4.200000000
0.007056000	0.000000000	4.000000000
0.007060000	0.040000000	4.000000000
0.007064000	0.040000000	4.200000000
0.007068000	0.040000000	4.200000000
0.007072000	0.040000000	4.400000000
0.007076000	0.040000000	4.400000000
0.007080000	0.000000000	4.400000000
0.007084000	0.040000000	4.400000000
0.007088000	0.040000000	4.400000000
0.007092000	0.040000000	4.200000000
0.007096000	0.000000000	4.200000000
0.007100000	0.040000000	4.400000000
0.007104000	0.040000000	4.400000000
0.007108000	0.040000000	4.400000000
0.007112000	0.040000000	4.400000000
0.007116000	0.040000000	4.400000000
0.007120000	0.040000000	4.400000000
0.007124000	0.040000000	4.600000000
0.007128000	0.040000000	4.600000000
0.007132000	0.040000000	4.600000000
0.007136000	0.040000000	4.600000000
0.007140000	0.040000000	4.600000000
0.007144000	0.040000000	4.800000000
0.007148000	0.040000000	4.800000000
0.007152000	0.040000000	4.800000000
0.007156000	0.040000000	4.600000000
0.007160000	0.040000000	4.800000000
0.007164000	0.040000000	4.800000000
0.007168000	0.040000000	4.800000000
0.007172000	0.000000000	4.800000000
0.007176000	0.040000000	4.800000000
0.007180000	0.080000000	4.800000000
0.007184000	0.000000000	4.800000000
0.007188000	0.040000000	4.800000000
0.007192000	0.040000000	5.000000000
0.007196000	0.040000000	4.800000000
0.007200000	0.040000000	4.800000000
0.007204000	0.000000000	5.000000000
0.007208000	0.000000000	5.000000000
0.007212000	0.040000000	5.000000000
0.007216000	0.040000000	5.200000000
0.007220000	0.040000000	5.000000000
0.007224000	0.040000000	5.000000000
0.007228000	0.000000000	5.000000000
0.007232000	0.000000000	5.200000000
0.007236000	0.040000000	5.200000000
0.007240000	0.040000000	5.200000000
0.007244000	0.040000000	5.200000000
0.007248000	0.040000000	5.200000000
0.007252000	0.040000000	5.200000000
0.007256000	0.040000000	5.200000000
0.007260000	0.040000000	5.200000000
0.007264000	0.040000000	5.200000000
0.007268000	0.040000000	5.200000000
0.007272000	0.040000000	5.200000000
0.007276000	0.040000000	5.200000000
0.007280000	0.040000000	5.200000000
0.007284000	0.040000000	5.200000000
0.007288000	0.040000000	5.200000000
0.007292000	0.040000000	5.200000000
0.007296000	0.040000000	5.200000000
0.007300000	0.040000000	5.200000000
0.007304000	0.040000000	5.400000000
0.007308000	0.000000000	5.400000000
0.007312000	0.040000000	5.400000000
0.007316000	0.040000000	5.200000000
0.007320000	0.040000000	5.400000000
0.007324000	0.040000000	5.200000000
0.007328000	0.040000000	5.200000000
0.007332000	0.040000000	5.400000000
0.007336000	0.040000000	5.400000000
0.007340000	0.040000000	5.400000000
0.007344000	0.040000000	5.400000000
0.007348000	0.040000000	5.400000000
0.007352000	0.040000000	5.400000000
0.007356000	0.040000000	5.400000000
0.007360000	0.040000000	5.400000000
0.007364000	0.040000000	5.200000000
0.007368000	0.040000000	5.400000000
0.007372000	0.040000000	5.200000000
0.007376000	0.040000000	5.400000000
0.007380000	0.040000000	5.200000000
0.007384000	0.040000000	5.400000000
0.007388000	0.040000000	5.200000000
0.007392000	0.040000000	5.400000000
0.007396000	0.040000000	5.200000000
0.007400000	0.040000000	5.200000000
0.007404000	0.040000000	5.200000000
0.007408000	0.040000000	5.200000000
0.007412000	0.040000000	5.200000000
0.007416000	0.040000000	5.200000000
0.007420000	0.040000000	5.200000000
0.007424000	0.000000000	5.200000000
0.007428000	0.040000000	5.200000000
0.007432000	0.040000000	5.200000000
0.007436000	0.040000000	5.200000000
0.007440000	0.040000000	5.200000000
0.007444000	0.040000000	5.200000000
0.007448000	0.040000000	5.200000000
0.007452000	0.000000000	5.000000000
0.007456000	0.040000000	5.000000000
0.007460000	0.040000000	5.000000000
0.007464000	0.040000000	5.000000000
0.007468000	0.040000000	5.000000000
0.007472000	0.040000000	5.000000000
0.007476000	0.040000000	5.000000000
0.007480000	0.040000000	5.000000000
0.007484000	0.040000000	4.800000000
0.007488000	0.040000000	4.800000000
0.007492000	0.040000000	4.800000000
0.007496000	0.040000000	4.800000000
0.007500000	0.040000000	4.800000000
0.007504000	0.040000000	4.800000000
0.007508000	0.040000000	4.800000000
0.007512000	0.000000000	4.800000000
0.007516000	0.040000000	4.800000000
0.007520000	0.040000000	4.800000000
0.007524000	0.000000000	4.800000000
0.007528000	0.040000000	4.800000000
0.007532000	0.040000000	4.800000000
0.007536000	0.040000000	4.800000000
0.007540000	0.040000000	4.600000000
0.007544000	0.040000000	4.600000000
0.007548000	0.040000000	4.600000000
0.007552000	0.040000000	4.600000000
0.007556000	0.000000000	4.600000000
0.007560000	0.040000000	4.600000000
0.007564000	0.040000000	4.600000000
0.007568000	0.040000000	4.600000000
0.007572000	0.040000000	4.600000000
0.007576000	0.040000000	4.400000000
0.007580000	0.040000000	4.400000000
0.007584000	0.040000000	4.400000000
0.007588000	0.040000000	4.400000000
0.007592000	0.040000000	4.400000000
0.007596000	0.040000000	4.400000000
0.007600000	0.040000000	4.400000000
0.007604000	0.040000000	4.400000000
0.007608000	0.040000000	4.400000000
0.007612000	0.040000000	4.400000000
0.007616000	0.040000000	4.400000000
0.007620000	0.040000000	4.200000000
0.007624000	0.040000000	4.200000000
0.007628000	0.040000000	4.200000000
0.007632000	0.040000000	4.200000000
0.007636000	0.040000000	4.000000000
0.007640000	0.040000000	4.000000000
0.007644000	0.040000000	4.000000000
0.007648000	0.000000000	4.000000000
0.007652000	0.040000000	4.000000000
0.007656000	0.040000000	4.000000000
0.007660000	0.040000000	4.000000000
0.007664000	0.040000000	4.000000000
0.007668000	0.040000000	3.800000000
0.007672000	0.040000000	3.800000000
0.007676000	0.040000000	3.800000000
0.007680000	0.000000000	3.800000000
0.007684000	0.040000000	3.800000000
0.007688000	0.040000000	3.800000000
0.007692000	0.040000000	3.600000000
0.007696000	0.040000000	3.600000000
0.007700000	0.040000000	3.600000000
0.007704000	0.040000000	3.600000000
0.007708000	0.040000000	3.600000000
0.007712000	0.040000000	3.600000000
0.007716000	0.040000000	3.600000000
0.007720000	0.040000000	3.600000000
0.007724000	0.080000000	3.400000000
0.007728000	0.000000000	3.400000000
0.007732000	0.040000000	3.400000000
0.007736000	0.040000000	3.400000000
0.007740000	0.040000000	3.400000000
0.007744000	0.040000000	3.400000000
0.007748000	0.040000000	3.200000000
0.007752000	0.040000000	3.200000000
0.007756000	0.040000000	3.200000000
0.007760000	0.040000000	3.200000000
0.007764000	0.040000000	3.200000000
0.007768000	0.040000000	3.200000000
0.007772000	0.040000000	3.200000000
0.007776000	0.040000000	3.200000000
0.007780000	0.040000000	3.200000000
0.007784000	0.040000000	3.200000000
0.007788000	0.040000000	3.000000000
0.007792000	0.040000000	3.000000000
0.007796000	0.040000000	3.000000000
0.007800000	0.040000000	3.000000000
0.007804000	0.040000000	3.000000000
0.007808000	0.040000000	3.000000000
0.007812000	0.040000000	2.800000000
0.007816000	0.040000000	2.800000000
0.007820000	0.080000000	2.800000000
0.007824000	0.040000000	2.800000000
0.007828000	0.040000000	2.600000000
0.007832000	0.040000000	2.600000000
0.007836000	0.040000000	2.600000000
0.007840000	0.040000000	2.600000000
0.007844000	0.040000000	2.600000000
0.007848000	0.040000000	2.400000000
0.007852000	0.040000000	2.400000000
0.007856000	0.000000000	2.400000000
0.007860000	0.040000000	2.400000000
0.007864000	0.040000000	2.400000000
0.007868000	0.040000000	2.400000000
0.007872000	0.040000000	2.400000000
0.007876000	0.040000000	2.400000000
0.007880000	0.040000000	2.400000000
0.007884000	0.040000000	2.200000000
0.007888000	0.040000000	2.200000000
0.007892000	0.040000000	2.200000000
0.007896000	0.040000000	2.200000000
0.007900000	0.040000000	2.200000000
0.007904000	0.040000000	2.200000000
0.007908000	0.000000000	2.000000000
0.007912000	0.040000000	2.000000000
0.007916000	0.040000000	2.000000000
0.007920000	0.040000000	2.000000000
0.007924000	0.040000000	2.000000000
0.007928000	0.040000000	2.000000000
0.007932000	0.040000000	1.800000000
0.007936000	0.040000000	2.000000000
0.007940000	0.040000000	1.800000000
0.007944000	0.000000000	2.000000000
0.007948000	0.040000000	1.800000000
0.007952000	0.040000000	2.000000000
0.007956000	0.040000000	1.800000000
0.007960000	0.040000000	1.800000000
0.007964000	0.040000000	1.800000000
0.007968000	0.040000000	1.800000000
0.007972000	0.000000000	1.800000000
0.007976000	0.040000000	1.800000000
0.007980000	0.000000000	1.600000000
0.007984000	0.040000000	1.600000000
0.007988000	0.040000000	1.600000000
0.007992000	0.040000000	1.600000000
0.007996000	0.040000000	1.600000000
0.008000000	0.080000000	1.600000000
0.008004000	0.000000000	1.600000000
0.008008000	0.040000000	1.600000000
0.008012000	0.040000000	1.400000000
0.008016000	0.040000000	1.400000000
0.008020000	0.040000000	1.400000000
0.008024000	0.040000000	1.600000000
0.008028000	0.040000000	1.400000000
0.008032000	0.040000000	1.400000000
0.008036000	0.040000000	1.400000000
0.008040000	0.040000000	1.400000000
0.008044000	0.040000000	1.400000000
0.008048000	0.040000000	1.400000000
0.008052000	0.040000000	1.200000000
0.008056000	0.040000000	1.200000000
0.008060000	0.040000000	1.200000000
0.008064000	0.040000000	1.200000000
0.008068000	0.040000000	1.200000000
0.008072000	0.040000000	1.200000000
0.008076000	0.040000000	1.200000000
0.008080000	0.040000000	1.200000000
0.008084000	0.040000000	1.200000000
0.008088000	0.040000000	1.200000000
0.008092000	0.040000000	1.200000000
0.008096000	0.040000000	1.000000000
0.008100000	0.040000000	1.200000000
0.008104000	0.000000000	1.200000000
0.008108000	0.000000000	1.000000000
0.008112000	0.000000000	1.000000000
0.008116000	0.080000000	1.000000000
0.008120000	0.040000000	1.000000000
0.008124000	0.040000000	1.000000000
0.008128000	0.000000000	1.000000000
0.008132000	0.000000000	1.000000000
0.008136000	0.040000000	1.000000000
0.008140000	0.040000000	1.000000000
0.008144000	0.040000000	1.000000000
0.008148000	0.040000000	1.000000000
0.008152000	0.040000000	1.000000000
0.008156000	0.040000000	1.000000000
0.008160000	0.040000000	1.000000000
0.008164000	0.040000000	1.000000000
0.008168000	0.000000000	1.000000000
0.008172000	0.040000000	0.800000000
0.008176000	0.040000000	0.800000000
0.008180000	0.040000000	1.000000000
0.008184000	0.040000000	0.800000000
0.008188000	0.040000000	1.000000000
0.008192000	0.040000000	0.800000000
0.008196000	0.040000000	0.800000000
0.008200000	0.040000000	0.800000000
0.008204000	0.040000000	0.800000000
0.008208000	0.040000000	0.800000000
0.008212000	0.040000000	0.800000000
0.008216000	0.040000000	0.600000000
0.008220000	0.040000000	0.800000000
0.008224000	0.040000000	0.800000000
0.008228000	0.040000000	0.800000000
0.008232000	0.040000000	0.800000000
0.008236000	0.040000000	0.800000000
0.008240000	0.040000000	0.800000000
0.008244000	0.040000000	0.800000000
0.008248000	0.040000000	0.600000000
0.008252000	0.040000000	0.600000000
0.008256000	0.040000000	0.600000000
0.008260000	0.040000000	0.600000000
0.008264000	0.040000000	0.600000000
0.008268000	0.040000000	0.600000000
0.008272000	0.040000000	0.600000000
0.008276000	0.040000000	0.600000000
0.008280000	0.040000000	0.600000000
0.008284000	0.040000000	0.600000000
0.008288000	0.040000000	0.600000000
0.008292000	0.040000000	0.600000000
0.008296000	0.040000000	0.600000000
0.008300000	0.040000000	0.600000000
0.008304000	0.040000000	0.600000000
0.008308000	0.040000000	0.600000000
0.008312000	0.000000000	0.600000000
0.008316000	0.040000000	0.400000000
0.008320000	0.040000000	0.600000000
0.008324000	0.040000000	0.400000000
0.008328000	0.040000000	0.600000000
0.008332000	0.040000000	0.400000000
0.008336000	0.040000000	0.600000000
0.008340000	0.040000000	0.600000000
0.008344000	0.040000000	0.600000000
0.008348000	0.040000000	0.600000000
0.008352000	0.040000000	0.400000000
0.008356000	0.040000000	0.400000000
0.008360000	0.040000000	0.400000000
0.008364000	0.040000000	0.600000000
0.008368000	0.040000000	0.400000000
0.008372000	0.040000000	0.400000000
0.008376000	0.040000000	0.400000000
0.008380000	0.040000000	0.600000000
0.008384000	0.040000000	0.400000000
0.008388000	0.040000000	0.400000000
0.008392000	0.040000000	0.400000000
0.008396000	0.040000000	0.400000000
0.008400000	0.000000000	0.400000000
0.008404000	0.040000000	0.400000000
0.008408000	0.040000000	0.400000000
0.008412000	0.040000000	0.400000000
0.008416000	0.040000000	0.200000000
0.008420000	0.040000000	0.400000000
0.008424000	0.040000000	0.400000000
0.008428000	0.040000000	0.400000000
0.008432000	0.040000000	0.400000000
0.008436000	0.040000000	0.400000000
0.008440000	0.000000000	0.400000000
0.008444000	0.040000000	0.400000000
0.008448000	0.040000000	0.400000000
0.008452000	0.040000000	0.400000000
0.008456000	0.040000000	0.400000000
0.008460000	0.040000000	0.400000000
0.008464000	0.040000000	0.400000000
0.008468000	0.040000000	0.400000000
0.008472000	0.040000000	0.400000000
0.008476000	0.040000000	0.400000000
0.008480000	0.000000000	0.400000000
0.008484000	0.040000000	0.200000000
0.008488000	0.040000000	0.200000000
0.008492000	0.040000000	0.200000000
0.008496000	0.040000000	0.200000000
0.008500000	0.040000000	0.200000000
0.008504000	0.040000000	0.200000000
0.008508000	0.000000000	0.200000000
0.008512000	0.040000000	0.200000000
0.008516000	0.040000000	0.200000000
0.008520000	0.040000000	0.200000000
0.008524000	0.000000000	0.200000000
0.008528000	0.040000000	0.200000000
0.008532000	0.040000000	0.200000000
0.008536000	0.040000000	0.200000000
0.008540000	0.040000000	0.200000000
0.008544000	0.040000000	0.200000000
0.008548000	0.040000000	0.200000000
0.008552000	0.040000000	0.200000000
0.008556000	0.040000000	0.200000000
0.008560000	0.040000000	0.200000000
0.008564000	0.040000000	0.200000000
0.008568000	0.040000000	0.200000000
0.008572000	0.040000000	0.200000000
0.008576000	0.040000000	0.200000000
0.008580000	0.040000000	0.200000000
0.008584000	0.040000000	0.200000000
0.008588000	0.040000000	0.200000000
0.008592000	0.040000000	0.200000000
0.008596000	0.040000000	0.200000000
0.008600000	0.040000000	0.200000000
0.008604000	0.040000000	0.200000000
0.008608000	0.040000000	0.200000000
0.008612000	0.040000000	0.200000000
0.008616000	0.040000000	0.200000000
0.008620000	0.040000000	0.200000000
0.008624000	0.040000000	0.200000000
0.008628000	0.000000000	0.200000000
0.008632000	0.040000000	0.200000000
0.008636000	0.040000000	0.000000000
0.008640000	0.040000000	0.000000000
0.008644000	0.040000000	0.200000000
0.008648000	0.040000000	0.000000000
0.008652000	0.040000000	0.200000000
0.008656000	0.000000000	0.200000000
0.008660000	0.000000000	0.200000000
0.008664000	0.040000000	0.200000000
0.008668000	0.040000000	0.000000000
0.008672000	0.000000000	0.200000000
0.008676000	0.000000000	0.000000000
0.008680000	0.040000000	0.200000000
0.008684000	0.040000000	0.000000000
0.008688000	0.040000000	0.000000000
0.008692000	0.040000000	0.200000000
0.008696000	0.040000000	0.200000000
0.008700000	0.040000000	0.200000000
0.008704000	0.040000000	0.000000000
0.008708000	0.040000000	0.000000000
0.008712000	0.040000000	0.000000000
0.008716000	0.040000000	0.000000000
0.008720000	0.040000000	0.000000000
0.008724000	0.040000000	0.000000000
0.008728000	0.040000000	0.200000000
0.008732000	0.040000000	0.200000000
0.008736000	0.040000000	0.200000000
0.008740000	0.040000000	0.000000000
0.008744000	0.040000000	0.000000000
0.008748000	0.040000000	0.000000000
0.008752000	0.040000000	0.000000000
0.008756000	0.040000000	0.000000000
0.008760000	0.040000000	0.000000000
0.008764000	0.040000000	0.000000000
0.008768000	0.040000000	0.000000000
0.008772000	0.040000000	0.000000000
0.008776000	0.000000000	0.000000000
0.008780000	0.040000000	0.000000000
0.008784000	0.040000000	0.000000000
0.008788000	0.000000000	0.000000000
0.008792000	0.040000000	0.200000000
0.008796000	0.040000000	0.000000000
0.008800000	0.040000000	0.000000000
0.008804000	0.040000000	0.000000000
0.008808000	0.040000000	-0.200000000
0.008812000	0.040000000	0.000000000
0.008816000	0.040000000	-0.200000000
0.008820000	0.040000000	0.000000000
0.008824000	0.040000000	0.000000000
0.008828000	0.040000000	0.000000000
0.008832000	0.040000000	0.000000000
0.008836000	0.040000000	0.000000000
0.008840000	0.040000000	-0.200000000
0.008844000	0.040000000	-0.200000000
0.008848000	0.040000000	-0.200000000
0.008852000	0.040000000	0.000000000
0.008856000	0.000000000	0.000000000
0.008860000	0.040000000	0.000000000
0.008864000	0.040000000	0.000000000
0.008868000	0.040000000	0.000000000
0.008872000	0.040000000	-0.200000000
0.008876000	0.040000000	-0.200000000
0.008880000	0.040000000	-0.200000000
0.008884000	0.040000000	0.000000000
0.008888000	0.040000000	0.000000000
0.008892000	0.040000000	0.000000000
0.008896000	0.000000000	0.000000000
0.008900000	0.040000000	0.000000000
0.008904000	0.040000000	-0.200000000
0.008908000	0.040000000	-0.200000000
0.008912000	0.040000000	0.000000000
0.008916000	0.040000000	0.000000000
0.008920000	0.000000000	0.000000000
0.008924000	0.040000000	-0.200000000
0.008928000	0.040000000	0.000000000
0.008932000	0.040000000	-0.200000000
0.008936000	0.040000000	-0.200000000
0.008940000	0.040000000	-0.200000000
0.008944000	0.000000000	0.000000000
0.008948000	0.040000000	-0.200000000
0.008952000	0.040000000	-0.200000000
0.008956000	0.000000000	-0.200000000
0.008960000	0.040000000	-0.200000000
0.008964000	0.040000000	-0.200000000
0.008968000	0.040000000	-0.200000000
0.008972000	0.040000000	-0.200000000
0.008976000	0.040000000	0.000000000
0.008980000	0.040000000	-0.200000000
0.008984000	0.040000000	-0.200000000
0.008988000	0.040000000	-0.200000000
0.008992000	0.040000000	0.000000000
0.008996000	0.040000000	-0.200000000
0.009000000	0.040000000	-0.200000000
0.009004000	0.040000000	0.000000000
0.009008000	0.040000000	0.000000000
0.009012000	0.040000000	-0.200000000
0.009016000	0.040000000	-0.200000000
0.009020000	0.040000000	-0.200000000
0.009024000	0.000000000	-0.200000000
0.009028000	0.040000000	-0.200000000
0.009032000	0.040000000	-0.200000000
0.009036000	0.040000000	-0.200000000
0.009040000	0.040000000	-0.200000000
0.009044000	0.040000000	-0.200000000
0.009048000	0.040000000	-0.200000000
0.009052000	0.040000000	-0.200000000
0.009056000	0.040000000	0.000000000
0.009060000	0.040000000	-0.200000000
0.009064000	0.040000000	-0.200000000
0.009068000	0.040000000	-0.200000000
0.009072000	0.040000000	-0.200000000
0.009076000	0.040000000	-0.200000000
0.009080000	0.040000000	-0.200000000
0.009084000	0.040000000	-0.200000000
0.009088000	0.040000000	-0.200000000
0.009092000	0.040000000	-0.200000000
0.009096000	0.040000000	-0.200000000
0.009100000	0.040000000	-0.200000000
0.009104000	0.040000000	-0.200000000
0.009108000	0.040000000	-0.200000000
0.009112000	0.000000000	-0.200000000
0.009116000	0.040000000	-0.200000000
0.009120000	0.040000000	-0.200000000
0.009124000	0.040000000	-0.200000000
0.009128000	0.040000000	-0.400000000
0.009132000	0.040000000	-0.200000000
0.009136000	0.040000000	-0.200000000
0.009140000	0.040000000	-0.400000000
0.009144000	0.040000000	-0.200000000
0.009148000	0.040000000	-0.200000000
0.009152000	0.040000000	-0.200000000
0.009156000	0.040000000	-0.200000000
0.009160000	0.040000000	-0.200000000
0.009164000	0.000000000	-0.200000000
0.009168000	0.040000000	-0.200000000
0.009172000	0.040000000	-0.200000000
0.009176000	0.040000000	-0.200000000
0.009180000	0.000000000	-0.200000000
0.009184000	0.040000000	-0.200000000
0.009188000	0.000000000	-0.200000000
0.009192000	0.040000000	-0.200000000
0.009196000	0.000000000	-0.200000000
0.009200000	0.040000000	-0.200000000
0.009204000	0.000000000	-0.200000000
0.009208000	0.040000000	-0.200000000
0.009212000	0.040000000	-0.200000000
0.009216000	0.040000000	-0.200000000
0.009220000	0.040000000	-0.400000000
0.009224000	0.040000000	-0.400000000
0.009228000	0.000000000	-0.400000000
0.009232000	0.040000000	-0.400000000
0.009236000	0.040000000	-0.400000000
0.009240000	0.040000000	-0.400000000
0.009244000	0.040000000	-0.400000000
0.009248000	0.040000000	-0.400000000
0.009252000	0.040000000	-0.400000000
0.009256000	0.040000000	-0.400000000
0.009260000	0.040000000	-0.400000000
0.009264000	0.040000000	-0.400000000
0.009268000	0.040000000	-0.400000000
0.009272000	0.040000000	-0.400000000
0.009276000	0.040000000	-0.400000000
0.009280000	0.000000000	-0.200000000
0.009284000	0.040000000	-0.400000000
0.009288000	0.040000000	-0.400000000
0.009292000	0.040000000	-0.400000000
0.009296000	0.040000000	-0.400000000
0.009300000	0.040000000	-0.400000000
0.009304000	0.040000000	-0.200000000
0.009308000	0.040000000	-0.400000000
0.009312000	0.040000000	-0.400000000
0.009316000	0.040000000	-0.200000000
0.009320000	0.040000000	-0.200000000
0.009324000	0.000000000	-0.400000000
0.009328000	0.040000000	-0.200000000
0.009332000	0.040000000	-0.200000000
0.009336000	0.040000000	-0.400000000
0.009340000	0.040000000	-0.400000000
0.009344000	0.040000000	-0.400000000
0.009348000	0.000000000	-0.400000000
0.009352000	0.040000000	-0.400000000
0.009356000	0.040000000	-0.400000000
0.009360000	0.000000000	-0.200000000
0.009364000	0.040000000	-0.400000000
0.009368000	0.040000000	-0.400000000
0.009372000	0.040000000	-0.400000000
0.009376000	0.040000000	-0.400000000
0.009380000	0.040000000	-0.200000000
0.009384000	0.040000000	-0.400000000
0.009388000	0.040000000	-0.200000000
0.009392000	0.040000000	-0.200000000
0.009396000	0.040000000	-0.400000000
0.009400000	0.040000000	-0.400000000
0.009404000	0.040000000	-0.400000000
0.009408000	0.040000000	-0.400000000
0.009412000	0.040000000	-0.400000000
0.009416000	0.040000000	-0.400000000
0.009420000	0.040000000	-0.400000000
0.009424000	0.000000000	-0.400000000
0.009428000	0.040000000	-0.400000000
0.009432000	0.040000000	-0.400000000
0.009436000	0.040000000	-0.400000000
0.009440000	0.040000000	-0.400000000
0.009444000	0.000000000	-0.400000000
0.009448000	0.040000000	-0.400000000
0.009452000	0.040000000	-0.200000000
0.009456000	0.040000000	-0.400000000
0.009460000	0.040000000	-0.400000000
0.009464000	0.040000000	-0.400000000
0.009468000	0.040000000	-0.400000000
0.009472000	0.040000000	-0.400000000
0.009476000	0.040000000	-0.400000000
0.009480000	0.040000000	-0.400000000
0.009484000	0.040000000	-0.400000000
0.009488000	0.040000000	-0.400000000
0.009492000	0.040000000	-0.400000000
0.009496000	0.080000000	-0.400000000
0.009500000	0.040000000	-0.400000000
0.009504000	0.040000000	-0.400000000
0.009508000	0.040000000	-0.400000000
0.009512000	0.040000000	-0.400000000
0.009516000	0.040000000	-0.400000000
0.009520000	0.040000000	-0.400000000
0.009524000	0.000000000	-0.400000000
0.009528000	0.040000000	-0.400000000
0.009532000	0.040000000	-0.400000000
0.009536000	0.040000000	-0.400000000
0.009540000	0.040000000	-0.400000000
0.009544000	0.000000000	-0.400000000
0.009548000	0.040000000	-0.400000000
0.009552000	0.000000000	-0.400000000
0.009556000	0.000000000	-0.400000000
0.009560000	0.040000000	-0.400000000
0.009564000	0.040000000	-0.400000000
0.009568000	0.040000000	-0.400000000
0.009572000	0.000000000	-0.400000000
0.009576000	0.000000000	-0.400000000
0.009580000	0.040000000	-0.400000000
0.009584000	0.040000000	-0.400000000
0.009588000	0.040000000	-0.400000000
0.009592000	0.040000000	-0.400000000
0.009596000	0.040000000	-0.400000000
0.009600000	0.040000000	-0.400000000
0.009604000	0.040000000	-0.400000000
0.009608000	0.040000000	-0.400000000
0.009612000	0.040000000	-0.400000000
0.009616000	0.040000000	-0.400000000
0.009620000	0.040000000	-0.400000000
0.009624000	0.040000000	-0.400000000
0.009628000	0.040000000	-0.400000000
0.009632000	0.040000000	-0.400000000
0.009636000	0.040000000	-0.400000000
0.009640000	0.040000000	-0.400000000
0.009644000	0.040000000	-0.400000000
0.009648000	0.040000000	-0.400000000
0.009652000	0.040000000	-0.400000000
0.009656000	0.040000000	-0.400000000
0.009660000	0.040000000	-0.400000000
0.009664000	0.040000000	-0.400000000
0.009668000	0.000000000	-0.400000000
0.009672000	0.040000000	-0.400000000
0.009676000	0.040000000	-0.400000000
0.009680000	0.040000000	-0.400000000
0.009684000	0.040000000	-0.400000000
0.009688000	0.040000000	-0.400000000
0.009692000	0.040000000	-0.400000000
0.009696000	0.040000000	-0.400000000
0.009700000	0.040000000	-0.400000000
0.009704000	0.040000000	-0.400000000
0.009708000	0.040000000	-0.400000000
0.009712000	0.040000000	-0.400000000
0.009716000	0.040000000	-0.400000000
0.009720000	0.040000000	-0.400000000
0.009724000	0.040000000	-0.400000000
0.009728000	0.040000000	-0.400000000
0.009732000	0.040000000	-0.400000000
0.009736000	0.040000000	-0.400000000
0.009740000	0.040000000	-0.400000000
0.009744000	0.040000000	-0.400000000
0.009748000	0.040000000	-0.400000000
0.009752000	0.040000000	-0.400000000
0.009756000	0.040000000	-0.400000000
0.009760000	0.040000000	-0.400000000
0.009764000	0.000000000	-0.400000000
0.009768000	0.040000000	-0.400000000
0.009772000	0.040000000	-0.400000000
0.009776000	0.040000000	-0.400000000
0.009780000	0.000000000	-0.400000000
0.009784000	0.040000000	-0.400000000
0.009788000	0.040000000	-0.400000000
0.009792000	0.000000000	-0.400000000
0.009796000	0.040000000	-0.400000000
0.009800000	0.040000000	-0.400000000
0.009804000	0.040000000	-0.400000000
0.009808000	0.040000000	-0.400000000
0.009812000	0.000000000	-0.400000000
0.009816000	0.040000000	-0.400000000
0.009820000	0.040000000	-0.400000000
0.009824000	0.040000000	-0.400000000
0.009828000	0.040000000	-0.400000000
0.009832000	0.040000000	-0.400000000
0.009836000	0.040000000	-0.400000000
0.009840000	0.040000000	-0.400000000
0.009844000	0.040000000	-0.400000000
0.009848000	0.040000000	-0.400000000
0.009852000	0.040000000	-0.400000000
0.009856000	0.040000000	-0.400000000
0.009860000	0.040000000	-0.400000000
0.009864000	0.040000000	-0.400000000
0.009868000	0.040000000	-0.400000000
0.009872000	0.080000000	-0.400000000
0.009876000	0.040000000	-0.400000000
0.009880000	0.040000000	-0.400000000
0.009884000	0.040000000	-0.400000000
0.009888000	0.040000000	-0.400000000
0.009892000	0.040000000	-0.400000000
0.009896000	0.040000000	-0.400000000
0.009900000	0.040000000	-0.400000000
0.009904000	0.040000000	-0.400000000
0.009908000	0.040000000	-0.400000000
0.009912000	0.040000000	-0.400000000
0.009916000	0.040000000	-0.400000000
0.009920000	0.040000000	-0.400000000
0.009924000	0.040000000	-0.400000000
0.009928000	0.040000000	-0.400000000
0.009932000	0.040000000	-0.400000000
0.009936000	0.040000000	-0.400000000
0.009940000	0.000000000	-0.400000000
0.009944000	0.040000000	-0.400000000
0.009948000	0.040000000	-0.400000000
0.009952000	0.040000000	-0.400000000
0.009956000	0.040000000	-0.400000000
0.009960000	0.040000000	-0.400000000
0.009964000	0.040000000	-0.400000000
0.009968000	0.040000000	-0.400000000
