3532306271	1140
3532306312	2260
3532306343	300
3532306371	4760
3532306396	1020
3532306418	5780
3532306645	460
3532306655	3180
3532306681	2100
3532306722	1880
3532306734	2020
3532306734	1740
3532306753	1160
3532306776	260
3532306782	320
3532306797	1640
3532306845	220
3532306846	720
3532306922	420
3532306930	2380
3532306949	620
3532307004	760
3532307025	1600
3532307060	3520
3532307154	740
3532307184	460
3532307205	3100
3532307294	260
3532307343	10360
3532307378	580
3532307443	1360
3532307509	320
3532307549	900
3532307602	420
3532307617	200
3532307678	2340
3532307710	1480
3532307719	1000
3532307755	4980
3532307820	2120
3532307887	640
3532307902	640
3532307915	1060
3532308061	5000
3532308162	800
3532308176	160
3532308245	2040
3532308274	2020
3532308291	2340
3532308328	5620
3532308524	6960
3532308535	2120
3532308582	740
3532308682	480
3532308749	760
3532308920	6140
3532308946	440
3532309020	7280
3532309167	140
3532309207	3740
3532309218	820
3532309282	440
3532309396	280
3532309435	1500
3532309478	3200
3532309662	2640
3532309802	10820
3532309824	2600
3532309880	2960
3532309924	500
3532309940	7460
3532309962	3280
3532310018	1280
3532310084	280
3532310089	220
3532310159	300
3532310194	1920
3532310262	2360
3532310393	4320
3532310477	3500
3532310479	5200
3532310565	180
3532310584	1780
3532310617	16860
3532310715	3080
3532310821	1560
3532310857	2060
3532310943	740
3532310975	580
3532311010	320
3532311014	3600
3532311069	480
3532311096	2100
3532311208	4680
3532311216	2100
3532311258	1780
3532311268	4320
3532311301	3020
3532311306	480
3532311318	3920
3532311407	1940
3532311569	120
3532311577	1760
3532311661	1480
3532311800	720
3532311876	480
3532311916	2980
3532312075	6900
3532312142	660
3532312157	260
3532312294	1960
3532312305	8800
3532312343	980
3532312383	6800
3532312390	15000
3532312401	100
3532312475	1280
3532312498	380
3532312635	2280
3532312646	920
3532312698	400
3532312751	480
3532312801	6160
3532312811	9280
3532312848	2280
3532312929	100
3532312938	820
3532313125	1820
3532313139	2380
3532313156	440
3532313182	960
3532313191	1120
3532313234	1120
3532313263	1280
3532313267	1080
3532313283	300
3532313291	7180
3532313301	1160
3532313429	1660
3532313473	2100
3532313517	920
3532313606	3460
3532313791	7480
3532313856	4320
3532313866	2100
3532313933	580
3532313936	1360
3532314038	680
3532314329	620
3532314400	280
3532314410	2080
3532314455	500
3532314506	100
3532314509	4580
3532314548	10580
3532314684	3620
3532314732	2840
3532314733	2060
3532314822	12860
3532314947	1260
3532315165	9300
3532315248	10820
3532315257	3840
3532315277	540
3532315367	340
3532315391	1380
3532315393	4860
3532315537	560
3532315552	3440
3532315576	1800
3532315602	240
3532315800	340
3532315836	540
3532315847	300
3532315912	740
3532316074	1840
3532316174	3960
3532316183	2700
3532316216	140
3532316272	1380
3532316338	5620
3532316385	1720
3532316427	860
3532316441	3500
3532316451	700
3532316456	140
3532316517	860
3532316534	1360
3532316558	8740
3532316607	640
3532316747	2960
3532316769	6900
3532316837	1320
3532316900	700
3532317020	8440
3532317100	1920
3532317134	660
3532317181	5780
3532317190	3040
3532317276	1540
3532317290	5000
3532317366	1240
3532317414	4560
3532317438	840
3532317500	240
3532317586	8340
3532317594	2940
3532317615	720
3532317636	1940
3532317649	1120
3532317652	820
3532317663	1480
3532317681	980
3532317709	300
3532317735	4960
3532317867	200
3532318002	7840
3532318129	4940
3532318143	2440
3532318146	1340
3532318197	400
3532318264	6340
3532318292	300
3532318342	1180
3532318343	1560
3532318432	1460
3532318541	220
3532318578	380
3532318612	3300
3532318695	1860
3532318702	1940
3532318703	460
3532318734	3080
3532318769	180
3532318996	1180
3532319085	2620
3532319122	820
3532319125	1260
3532319281	4960
3532319310	4740
3532319334	400
3532319351	2860
3532319352	720
3532319440	2200
3532319490	780
3532319629	860
3532319669	2160
3532319676	3400
3532319684	5940
3532319728	1500
3532319769	220
3532319837	240
3532319853	10020
3532319927	220
3532319960	1020
3532320034	460
3532320039	1520
3532320086	2100
3532320118	2040
3532320121	320
3532320135	940
3532320166	300
3532320185	160
3532320264	2660
3532320340	1300
3532320364	5380
3532320376	1100
3532320382	5400
3532320539	9660
3532320708	7460
3532320747	3820
3532320770	3120
3532320784	920
3532320863	3400
3532320902	9540
3532320923	4520
3532320948	6940
3532320951	10500
3532320982	280
3532321007	1580
3532321079	1500
3532321125	3660
3532321133	520
3532321280	11100
3532321331	400
3532321408	520
3532321441	1240
3532321477	120
3532321519	140
3532321534	2340
3532321643	3060
3532321682	1080
3532321848	5260
3532321877	360
3532321905	520
3532322166	540
3532322241	980
3532322286	3960
3532322322	3740
3532322446	4640
3532322541	5280
3532322612	240
3532322740	820
3532322747	5220
3532322754	2760
3532322785	3780
3532322788	1440
3532322802	140
3532322868	5300
3532322989	1240
3532322992	1040
3532322996	1520
3532323345	140
3532323372	16800
3532323375	1500
3532323389	4060
3532323459	120
3532323502	140
3532323511	460
3532323516	800
3532323527	580
3532323549	6060
3532323691	1520
3532323711	2560
3532323721	2860
3532323806	520
3532323823	300
3532323931	3360
3532323953	1080
3532323979	3280
3532324002	540
3532324012	520
3532324053	6160
3532324172	2440
3532324205	1660
3532324272	320
3532324337	980
3532324381	4560
3532324426	260
3532324458	1460
3532324460	720
3532324461	180
3532324490	1940
3532324512	1480
3532324543	2880
3532324591	2420
3532324664	240
3532324698	1020
3532324703	8140
3532324704	4500
3532324794	180
3532324866	1720
3532324904	1740
3532324908	940
3532324955	1220
3532325000	1200
3532325016	1300
3532325110	2040
3532325212	4960
3532325219	8620
3532325291	1020
3532325298	1580
3532325403	5160
3532325451	1340
3532325518	1400
3532325578	1340
3532325590	100
3532325592	360
3532325609	960
3532325649	160
3532325785	2740
3532325794	1220
3532325798	480
3532325841	2200
3532325946	140
3532325986	3700
3532325990	180
3532326204	7060
3532326218	3900
3532326349	4700
3532326426	3620
3532326483	2740
3532326659	2160
3532326675	1700
3532326888	300
3532326910	160
3532327044	700
3532327047	1660
3532327050	1580
3532327054	5580
3532327083	4700
3532327218	5480
3532327253	6520
3532327263	440
3532327270	460
3532327276	3700
3532327348	4180
3532327432	3560
3532327439	620
3532327448	1300
3532327496	460
3532327502	2980
3532327505	3140
3532327508	3260
3532327523	5440
3532327581	2720
3532327601	1640
3532327692	4280
3532327694	860
3532327695	4500
3532327699	8860
3532327724	1780
3532327736	3860
3532327783	4460
3532327800	300
3532327811	4740
3532327826	3220
3532327840	7320
3532327896	500
3532327946	1740
3532327953	800
3532328005	3580
3532328033	2180
3532328068	600
3532328118	3120
3532328130	620
3532328213	660
3532328232	1200
3532328293	1760
3532328346	1620
3532328465	1560
3532328488	7220
3532328541	5160
3532328560	340
3532328619	5920
3532328634	5460
3532328650	1300
3532328666	17380
3532328698	2260
3532328719	1340
3532328735	2000
3532328802	3520
3532328871	1020
3532328944	4220
3532329010	4600
3532329025	500
3532329136	280
3532329163	2860
3532329180	3000
3532329188	360
3532329216	300
3532329259	12600
3532329378	1780
3532329399	9000
3532329696	620
3532329769	600
3532329774	1320
3532329825	2200
3532329855	460
3532329895	12320
3532329897	3560
3532329923	320
3532329928	1340
3532329962	3320
3532329978	860
3532330004	3660
3532330070	5080
3532330074	1040
3532330104	1420
3532330191	2860
3532330267	1920
3532330372	1200
3532330390	520
3532330418	1460
3532330430	5900
3532330461	2840
3532330527	2360
3532330646	1640
3532330792	3680
3532330805	2760
3532330806	2680
3532330925	5960
3532330939	220
3532330973	3000
3532330996	1420
3532331027	1260
3532331056	880
3532331268	5640
3532331347	1280
3532331385	980
3532331389	680
3532331452	2100
3532331452	1380
3532331490	9100
3532331512	1920
3532331567	1960
3532331593	440
3532331605	640
3532331622	4600
3532331677	5460
3532331787	1000
3532331793	1940
3532331877	200
3532331891	1960
3532331899	2360
3532331937	9200
3532332083	1140
3532332124	940
3532332127	3920
3532332149	5820
3532332273	2520
3532332281	5020
3532332352	2300
3532332356	7040
3532332356	2540
3532332393	940
3532332439	4460
3532332456	2600
3532332464	1500
3532332494	2200
3532332542	9480
3532332569	500
3532332574	1460
3532332601	1860
3532332633	3040
3532332640	2360
3532332681	860
3532332694	180
3532332706	320
3532332743	6080
3532332781	1240
3532332932	680
3532332939	7380
3532333032	2440
3532333085	4100
3532333138	2120
3532333173	12580
3532333177	7020
3532333243	4320
3532333250	2620
3532333352	240
3532333353	320
3532333366	2580
3532333439	5020
3532333481	700
3532333496	3420
3532333558	5820
3532333891	2580
3532333907	1580
3532333915	3520
3532333926	7380
3532333937	2680
3532334006	780
3532334049	1260
3532334065	720
3532334151	1900
3532334172	3180
3532334231	460
3532334247	3340
3532334267	920
3532334270	1000
3532334270	1840
3532334278	1220
3532334286	1280
3532334448	2760
3532334456	240
3532334474	180
3532334484	360
3532334501	500
3532334511	2260
3532334595	400
3532334610	4920
3532334644	1480
3532334687	480
3532334691	5780
3532334865	1440
3532334923	3740
3532335022	3700
3532335039	1800
3532335084	1600
3532335098	4080
3532335105	1080
3532335154	140
3532335210	740
3532335232	1980
3532335238	360
3532335252	4040
3532335284	1180
3532335315	3860
3532335425	1640
3532335481	2100
3532335522	160
3532335652	2080
3532335666	1920
3532335805	160
3532335828	980
3532335981	1040
3532336014	8200
3532336020	220
3532336043	2540
3532336187	4300
3532336246	1360
3532336267	560
3532336287	2280
3532336336	1540
3532336427	1120
3532336432	5280
3532336686	2560
3532336697	2040
3532336722	2920
3532336748	3080
3532336756	820
3532336784	1080
3532336815	260
3532336927	8640
3532336964	1040
3532336968	1580
3532337000	2100
3532337009	19840
3532337025	2560
3532337027	2260
3532337040	580
3532337176	3660
3532337230	12120
3532337270	5640
3532337462	4100
3532337611	220
3532337612	5760
3532337666	1580
3532337669	180
3532337905	440
3532338034	820
3532338060	2460
3532338064	540
3532338114	8160
3532338293	840
3532338316	2180
3532338363	1300
3532338427	220
3532338440	1200
3532338453	2420
3532338527	8460
3532338553	660
3532338572	12340
3532338601	560
3532338648	240
3532338710	200
3532338710	2000
3532338758	740
3532338804	1240
3532338816	2580
3532338819	880
3532338833	620
3532338937	980
3532338979	3540
3532338981	8520
3532339002	4480
3532339080	1940
3532339123	2780
3532339175	1040
3532339222	1220
3532339277	2060
3532339320	960
3532339463	1440
3532339469	640
3532339541	2200
3532339603	1120
3532339643	600
3532339658	3320
3532339683	12480
3532339699	4060
3532339701	4840
3532339711	1860
3532339753	1800
3532339837	680
3532339894	3720
3532339925	160
3532339956	4480
3532339992	5520
3532340026	3020
3532340118	2500
3532340145	2260
3532340241	1280
3532340391	340
3532340411	80
3532340472	980
3532340551	4600
3532340553	2120
3532340577	2180
3532340586	540
3532340588	2740
3532340660	440
3532340665	2780
3532340779	1840
3532340815	1640
3532340858	1180
3532340922	7920
3532341005	4540
3532341014	1620
3532341028	120
3532341079	1420
3532341101	1920
3532341162	1500
3532341214	2400
3532341237	260
3532341264	3460
3532341278	200
3532341294	1660
3532341325	1660
3532341345	1540
3532341381	11700
3532341406	820
3532341410	2220
3532341462	1800
3532341526	1640
3532341552	1620
3532341556	1120
3532341627	1860
3532341631	3760
3532341665	680
3532341674	2740
3532341697	880
3532341710	5340
3532341772	5360
3532341783	140
3532341848	1380
3532341919	1420
3532341954	540
3532342024	440
3532342117	940
3532342136	720
3532342305	640
3532342409	240
3532342429	5940
3532342444	520
3532342548	3540
3532342587	440
3532342633	380
3532342643	180
3532342647	3100
3532342670	740
3532342674	2240
3532342724	5500
3532342728	5500
3532342751	600
3532342756	2060
3532342766	4380
3532342865	7180
3532342953	4940
3532342973	3340
3532343050	340
3532343233	860
3532343257	4820
3532343424	440
3532343465	4600
3532343507	180
3532343533	4640
3532343543	2000
3532343562	2440
3532343564	5520
3532343631	5340
3532343676	2540
3532343697	220
3532343726	1960
3532343766	1320
3532343784	1460
3532343877	1480
3532343940	3540
3532343968	5220
3532343984	5020
3532344024	2480
3532344071	1240
3532344072	1200
3532344134	4180
3532344204	9360
3532344367	1060
3532344462	1240
3532344640	780
3532344670	5700
3532344737	10780
3532344758	260
3532344761	1880
3532344845	4060
3532344851	740
3532344856	4480
3532344874	3460
3532344908	3340
3532344912	1720
3532345038	8100
3532345039	13740
3532345122	2900
3532345145	2560
3532345181	660
3532345203	320
3532345256	1320
3532345271	1040
3532345284	1100
3532345332	6600
3532345353	920
3532345425	1260
3532345440	2040
3532345496	1660
3532345546	1620
3532345603	3080
3532345729	2320
3532345731	4000
3532345766	2140
3532345785	2120
3532345820	1120
3532345889	1480
3532345909	800
3532345968	700
3532346001	700
3532346060	1400
3532346134	1100
3532346174	920
3532346177	3320
3532346205	2440
3532346279	7620
3532346315	6920
3532346352	6380
3532346479	1220
3532346556	3460
3532346596	1800
3532346609	3440
3532346635	380
3532346666	180
3532346670	540
3532346719	14840
3532346758	960
3532346778	80
3532346931	960
3532346969	1920
3532346974	1460
3532347097	300
3532347105	5900
3532347115	1280
3532347140	1560
3532347165	3880
3532347186	2200
3532347186	780
3532347236	220
3532347315	1320
3532347319	1060
3532347507	8740
3532347522	840
3532347702	1380
3532347704	3020
3532347734	4540
3532347736	2360
3532347789	4300
3532347866	6160
3532347920	2220
3532347942	1360
3532347979	480
3532347982	4240
3532348030	4700
3532348143	1520
3532348239	2020
3532348286	1120
3532348368	4980
3532348399	4420
3532348430	200
3532348445	1060
3532348472	1260
3532348528	7780
3532348597	6160
3532348628	17140
3532348678	200
3532348686	780
3532348788	5000
3532349020	2420
3532349085	1840
3532349171	1360
3532349186	5140
3532349193	240
3532349214	2140
3532349229	7100
3532349326	2580
3532349372	1460
3532349389	4020
3532349411	1240
3532349455	2140
3532349501	900
3532349567	3540
3532349603	1380
3532349627	3760
3532349705	280
3532349779	760
3532349853	4740
3532349873	10580
3532349883	2980
3532350072	420
3532350100	2580
3532350114	600
3532350136	1920
3532350141	1740
3532350185	920
3532350232	7720
3532350245	200
3532350347	580
3532350392	1340
3532350402	2240
3532350677	7180
3532350716	1020
3532350826	300
3532350837	660
3532350858	200
3532350884	10820
3532350926	640
3532351133	1580
3532351138	9480
3532351196	8000
3532351215	1360
3532351299	1040
3532351317	2440
3532351414	2660
3532351450	5560
3532351514	1700
3532351582	1580
3532351590	2980
3532351601	1060
3532351670	320
3532351689	200
3532351700	2060
3532351761	1660
3532351785	3940
3532351790	3280
3532351966	2060
3532352044	1060
3532352087	1960
3532352088	200
3532352123	2500
3532352181	3260
3532352188	4220
3532352230	3420
3532352260	1340
3532352274	1440
3532352281	3460
3532352307	260
3532352336	1500
3532352401	3380
3532352402	2840
3532352471	600
3532352522	1540
3532352527	980
3532352537	680
3532352635	2280
3532352655	980
3532352707	480
3532352787	7440
3532352795	200
3532352888	1820
3532352888	1720
3532352993	5500
3532353039	3500
3532353189	1300
3532353274	900
3532353280	16720
3532353328	820
3532353394	2480
3532353467	4640
3532353490	5820
3532353494	500
3532353639	1860
3532353663	1520
3532353691	340
3532353702	1660
3532353740	2680
3532353761	760
3532353823	160
3532353830	2860
3532353834	4760
3532353843	13320
3532353862	800
3532353867	500
3532353973	2220
3532354084	5540
3532354184	4960
3532354283	3120
3532354305	1440
3532354311	16160
3532354319	300
3532354332	1480
3532354419	13380
3532354584	1220
3532354728	6460
3532354753	480
3532354768	4960
3532354843	2600
3532354869	1700
3532354886	4740
3532354961	5920
3532354993	220
3532355038	8840
3532355126	1260
3532355166	2720
3532355224	4020
3532355255	120
3532355288	500
3532355353	220
3532355355	2960
3532355358	2020
3532355374	3020
3532355486	1360
3532355546	1020
3532355583	180
3532355662	1400
3532355776	3260
3532355813	120
3532355823	580
3532355823	2100
3532355857	600
3532355921	120
3532355952	9700
3532356035	1900
3532356088	3660
3532356131	1820
3532356148	1600
3532356227	1520
3532356258	880
3532356355	6220
3532356371	520
3532356487	200
3532356519	2600
3532356605	2260
3532356649	1480
3532356651	1400
3532356682	980
3532356711	3860
3532356770	2380
3532356828	1920
3532356845	580
3532356940	5680
3532357034	820
3532357053	700
3532357163	500
3532357177	2300
3532357210	1740
3532357269	1760
3532357382	2120
3532357401	1640
3532357428	1580
3532357467	860
3532357503	3740
3532357542	100
3532357835	1220
3532357856	140
3532357859	420
3532357915	920
3532357920	420
3532357962	3020
3532358028	3480
3532358064	140
3532358160	1120
3532358248	2700
3532358255	2860
3532358271	2580
3532358281	2300
3532358328	760
3532358549	5380
3532358559	2620
3532358587	340
3532358593	2220
3532358614	800
3532358616	300
3532358680	5320
3532358682	960
3532358739	900
3532358765	140
3532358782	4720
3532358782	2240
3532358792	1820
3532358875	740
3532358888	2540
3532358933	3620
3532359037	2740
3532359249	2660
3532359307	4240
3532359334	220
3532359340	3200
3532359383	4920
3532359403	2680
3532359414	6300
3532359430	2020
3532359438	9300
3532359441	1800
3532359480	260
3532359582	7160
3532359702	220
3532359753	7220
3532359837	7020
3532359875	3520
3532359884	620
3532359892	3900
3532360068	4900
3532360072	2140
3532360079	460
3532360149	740
3532360174	4860
3532360217	5580
3532360266	720
3532360347	14000
3532360349	1040
3532360396	4960
3532360420	4200
3532360432	480
3532360469	2320
3532360499	300
3532360533	2720
3532360569	1260
3532360629	640
3532360633	900
3532360815	620
3532360845	1280
3532360898	2540
3532360947	2880
3532360973	10900
3532360998	1920
3532361031	6640
3532361050	3920
3532361098	1960
3532361111	640
3532361186	3180
3532361276	200
3532361276	4280
3532361301	1100
3532361369	420
3532361384	2980
3532361445	1680
3532361471	1220
3532361491	780
3532361502	360
3532361535	660
3532361866	300
3532361937	400
3532362005	2120
3532362020	2240
3532362166	9380
3532362258	1080
3532362267	1940
3532362494	3780
3532362502	160
3532362536	960
3532362599	1760
3532362633	3740
3532362651	480
3532362659	960
3532362747	180
3532362833	6240
3532362931	1260
3532362946	3120
3532362947	2820
3532363004	3040
3532363095	3960
3532363136	180
3532363178	10640
3532363208	1540
3532363209	3620
3532363225	280
3532363244	860
3532363271	6800
3532363272	280
3532363299	720
3532363304	3100
3532363313	1780
3532363368	3840
3532363378	440
3532363402	2720
3532363482	2140
3532363505	460
3532363510	1280
3532363576	560
3532363603	7820
3532363781	3260
3532363855	4700
3532363874	1580
3532363875	780
3532363914	16760
3532363942	6620
3532363968	1580
3532363979	1340
3532363982	3100
3532364068	12960
3532364122	380
3532364129	19100
3532364162	2420
3532364172	4160
3532364189	11360
3532364208	1880
3532364217	2720
3532364317	660
3532364336	1740
3532364538	1260
3532364554	1480
3532364565	4880
3532364654	5560
3532364698	3860
3532364760	1140
3532364822	1140
3532364855	2060
3532364874	3060
3532365004	980
3532365044	6280
3532365074	360
3532365155	720
3532365158	17240
3532365281	2320
3532365287	940
3532365292	440
3532365308	520
3532365324	3880
3532365330	7580
3532365368	7240
3532365378	420
3532365420	1460
3532365426	3620
3532365456	2620
3532365475	1160
3532365484	3640
3532365492	17300
3532365501	180
3532365589	1380
3532365641	180
3532365653	160
3532365691	2040
3532365739	2420
3532365743	1060
3532365863	3900
3532365871	1360
3532366147	3520
3532366200	18540
3532366220	2880
3532366224	560
3532366226	1480
3532366248	5260
3532366266	1240
3532366319	2120
3532366377	140
3532366422	1740
3532366432	560
3532366625	3940
3532366688	1800
3532366802	1280
3532366812	100
3532366821	4300
3532366824	3260
3532366916	1860
3532366943	920
3532366988	9980
3532367024	1980
3532367033	360
3532367103	1180
3532367116	160
3532367157	840
3532367316	5340
3532367325	180
3532367412	2980
3532367427	2580
3532367472	2400
3532367539	180
3532367544	3760
3532367548	360
3532367597	10820
3532367641	1460
3532367649	4500
3532367761	2900
3532367809	2000
3532367850	5400
3532367856	1000
3532367870	280
3532367896	100
3532367904	2540
3532367976	4240
3532367979	3640
3532367999	3760
3532368100	5580
3532368156	6160
3532368168	680
3532368257	1160
3532368383	1260
3532368390	3240
3532368426	380
3532368441	3740
3532368490	5640
3532368579	640
3532368639	3340
3532368660	1740
3532368668	7860
3532368713	2840
3532368750	1020
3532368783	2000
3532368879	140
3532368887	460
3532368888	2080
3532368890	2100
3532368928	1420
3532369003	240
3532369047	700
3532369054	2020
3532369074	3940
3532369142	3480
3532369206	1340
3532369281	4280
3532369303	1560
3532369320	2900
3532369434	4460
3532369593	3920
3532369595	2060
3532369651	940
3532369713	1460
3532369730	2080
3532369781	720
3532369842	1740
3532369862	1620
3532369911	7740
3532370104	3360
3532370169	720
3532370184	840
3532370192	800
3532370202	6240
3532370271	3540
3532370305	200
3532370321	880
3532370322	340
3532370348	3600
3532370356	580
3532370423	1840
3532370473	500
3532370498	160
3532370551	380
3532370583	400
3532370615	620
3532370621	820
3532370659	1380
3532370686	620
3532370717	1420
3532370815	1440
3532370872	880
3532370886	200
3532370956	1080
3532371085	620
3532371104	1920
3532371122	1980
3532371243	4500
3532371482	1320
3532371526	1700
3532371611	320
3532371620	7780
3532371623	1000
3532371691	200
3532371701	1160
3532371891	2380
3532372149	2140
3532372161	1220
3532372270	5860
3532372280	1660
3532372283	5880
3532372467	3160
3532372506	1660
3532372533	2500
3532372544	1620
3532372577	1320
3532372590	7100
3532372626	1920
3532372631	320
3532372639	500
3532372641	140
3532372648	260
3532372720	480
3532372727	3360
3532372748	1000
3532372773	1780
3532372786	4920
3532372817	5140
3532372930	9240
3532373014	2020
3532373022	400
3532373059	540
3532373092	1040
3532373147	1020
3532373213	2420
3532373295	1080
3532373305	1920
3532373337	1360
3532373351	160
3532373365	2060
3532373369	1420
3532373390	620
3532373399	420
3532373404	2960
3532373466	420
3532373552	140
3532373556	200
3532373613	1760
3532373699	440
3532373742	5020
3532373784	380
3532373882	2420
3532373947	5740
3532373962	880
3532374088	780
3532374169	460
3532374195	2660
3532374267	660
3532374272	1620
3532374278	2380
3532374303	1640
3532374357	140
3532374360	3260
3532374375	1400
3532374398	380
3532374404	2600
3532374407	11440
3532374408	660
3532374446	6600
3532374464	5400
3532374475	1240
3532374550	2660
3532374597	660
3532374613	9460
3532374620	2980
3532374669	1800
3532374674	120
3532374682	1040
3532374720	13200
3532374722	180
3532374748	4140
3532374796	1080
3532374891	3680
3532374948	5340
3532374955	3260
3532374975	460
3532375034	100
3532375060	120
3532375173	6720
3532375356	8480
3532375367	2640
3532375372	580
3532375419	3220
3532375434	380
3532375538	720
3532375573	500
3532375591	520
3532375600	1600
3532375647	2760
3532375739	1920
3532375773	540
3532375841	880
3532375930	2560
3532375943	1780
3532376055	920
3532376292	4640
3532376302	2080
3532376325	2520
3532376334	1760
3532376339	1000
3532376411	300
3532376457	3120
3532376467	640
3532376512	1080
3532376517	3400
3532376578	1480
3532376581	2920
3532376657	1660
3532376678	2580
3532376697	380
3532376758	1320
3532376874	3440
3532376900	1700
3532376916	1540
3532376933	400
3532376950	2220
3532376957	1240
3532376962	1760
3532377091	640
3532377129	840
3532377159	1360
3532377163	4560
3532377200	4980
3532377255	2400
3532377293	2340
3532377326	1420
3532377335	3000
3532377362	260
3532377363	1280
3532377363	3120
3532377380	2260
3532377384	9820
3532377399	1060
3532377473	2820
3532377560	1060
3532377563	4240
3532377604	1920
3532377617	7120
3532377645	4660
3532377648	2200
3532377658	1320
3532377674	2020
3532377964	2680
3532378109	2140
3532378261	19660
3532378269	540
3532378326	2920
3532378368	2140
3532378394	4440
3532378413	1380
3532378472	1820
3532378496	5060
3532378502	780
3532378504	620
3532378564	6900
3532378586	1460
3532378598	3520
3532378613	2060
3532378653	820
3532378664	220
3532378747	100
3532378769	140
3532378817	3040
3532378830	340
3532378833	1940
3532378859	3920
3532378900	3960
3532378958	200
3532378980	220
3532379114	140
3532379224	760
3532379283	180
3532379325	1460
3532379353	520
3532379418	2900
3532379520	100
3532379520	1160
3532379554	4320
3532379586	600
3532379587	720
3532379609	680
3532379646	860
3532379660	1660
3532379688	5660
3532379802	120
3532379863	3620
3532379932	2160
3532379966	1860
3532380220	7360
3532380276	660
3532380321	5940
3532380355	7480
3532380557	1780
3532380561	680
3532380660	1740
3532380707	2720
3532380722	3140
3532380735	1520
3532380809	3860
3532380826	9880
3532380851	200
3532380865	660
3532380878	300
3532380903	3820
3532380921	1120
3532381008	720
3532381080	420
3532381098	7680
3532381121	280
3532381223	9660
3532381247	720
3532381358	860
3532381387	4500
3532381419	1320
3532381453	4860
3532381455	3200
3532381462	620
3532381537	14220
3532381579	120
3532381604	680
3532381616	7660
3532381617	340
3532381720	4020
3532381747	220
3532381817	18800
3532381837	3740
3532381856	280
3532381868	1060
3532381883	1660
3532381896	1140
3532381974	860
3532382090	4380
3532382100	900
3532382173	2460
3532382252	200
3532382274	1240
3532382287	3280
3532382357	220
3532382373	1680
3532382465	460
3532382598	3740
3532382648	5440
3532382692	2060
3532382729	5900
3532382748	1640
3532382759	4080
3532382762	3280
3532382777	2880
3532382816	2020
3532382827	220
3532382874	1680
3532382926	100
3532382943	820
3532382957	1460
3532383111	2560
3532383121	2320
3532383169	140
3532383196	3780
3532383368	180
3532383461	4920
3532383496	1740
3532383579	260
3532383643	1420
3532383668	600
3532383716	8420
3532383760	1160
3532383783	440
3532383792	740
3532383793	1280
3532383933	440
3532383985	980
3532384018	1120
3532384068	3780
3532384186	920
3532384272	1840
3532384393	1320
3532384393	1560
3532384424	1640
3532384432	320
3532384470	440
3532384472	540
3532384525	3840
3532384547	2020
3532384579	1020
3532384637	140
3532384662	3000
3532384732	720
3532384760	3820
3532384787	3640
3532384837	1140
3532384838	2560
3532384843	2500
3532384897	380
3532384904	2440
3532384913	9320
3532384932	4700
3532384958	4900
3532384962	440
3532385007	12120
3532385051	1360
3532385058	500
3532385165	4300
3532385210	440
3532385268	1180
3532385279	920
3532385306	3400
3532385405	180
3532385509	300
3532385527	1800
3532385551	680
3532385587	1180
3532385679	4200
3532385698	320
3532385901	200
3532385964	840
3532386024	1140
3532386102	1300
3532386152	740
3532386169	760
3532386213	720
3532386340	1440
3532386358	760
3532386407	260
3532386552	340
3532386566	5100
3532386586	620
3532386602	2020
3532386655	800
3532386668	7760
3532386784	1220
3532386879	5940
3532386906	9280
3532386924	1540
3532386963	5100
3532387101	360
3532387122	1220
3532387137	3720
3532387146	4120
3532387174	1780
3532387192	9920
3532387237	8080
3532387292	2620
3532387405	2760
3532387408	360
3532387409	1960
3532387426	3580
3532387482	2560
3532387496	3400
3532387625	160
3532387709	4800
3532387717	3880
3532387759	260
3532387792	400
3532387951	4860
3532387983	840
3532388064	3180
3532388107	660
3532388157	1140
3532388158	5300
3532388162	920
3532388274	760
3532388304	4460
3532388323	3360
3532388384	1400
3532388470	2240
3532388558	2300
3532388601	500
3532388626	1300
3532388680	2560
3532388683	100
3532388697	540
3532388706	140
3532388730	9700
3532388807	780
3532388819	200
3532388828	280
3532388843	6820
3532388844	4200
3532388849	1120
3532388917	9200
3532388940	220
3532388971	1500
3532388975	1160
3532389063	1460
3532389080	440
3532389088	480
3532389089	2940
3532389175	1420
3532389183	1380
3532389274	720
3532389356	540
3532389383	9320
3532389426	2600
3532389466	820
3532389510	6880
3532389596	4360
3532389615	760
3532389634	860
3532389639	2860
3532389650	1020
3532389770	740
3532389773	2680
3532389773	4360
3532389866	700
3532389883	1560
3532389900	2720
3532389909	540
3532389968	1180
3532389995	2620
3532390083	14720
3532390100	4180
3532390115	760
3532390160	2100
3532390223	140
3532390299	120
3532390309	3700
3532390324	2880
3532390341	1640
3532390375	760
3532390381	1020
3532390412	1340
3532390546	4640
3532390549	1100
3532390594	840
3532390644	820
3532390657	1640
3532390666	4060
3532390681	1700
3532390696	1160
3532390750	3740
3532390756	2920
3532390806	1720
3532390840	1540
3532390846	4220
3532390851	520
3532390926	960
3532391038	900
3532391082	2260
3532391141	1420
3532391172	1220
3532391187	100
3532391229	2460
3532391245	2400
3532391331	640
3532391339	1000
3532391350	560
3532391416	1340
3532391451	1580
3532391495	3080
3532391504	2460
3532391670	6600
3532391828	900
3532391870	2300
3532391937	1240
3532391943	2020
3532392001	1820
3532392091	480
3532392129	680
3532392209	520
3532392297	640
3532392398	1000
3532392567	1520
3532392742	2600
3532392763	1000
3532392789	720
3532392863	2420
3532392998	2280
3532393047	380
3532393082	1440
3532393178	860
3532393214	680
3532393222	3020
3532393231	1420
3532393236	1800
3532393342	1040
3532393349	2820
3532393367	5860
3532393443	1920
3532393457	1080
3532393612	2080
3532393661	120
3532393677	2700
3532393694	300
3532393715	340
3532393890	1840
3532394008	1140
3532394086	5280
3532394249	300
3532394276	1880
3532394278	2560
3532394332	2500
3532394496	1280
3532394564	1900
3532394574	2680
3532394657	1920
3532394689	440
3532394761	920
3532394827	400
3532394830	1160
3532394866	1300
3532394961	220
3532394965	780
3532394994	880
3532394998	2280
3532395073	900
3532395150	680
3532395167	2440
3532395196	5900
3532395211	2680
3532395241	440
3532395254	2040
3532395350	520
3532395383	3100
3532395422	1100
3532395453	3500
3532395466	5120
3532395532	280
3532395580	620
3532395640	5200
3532395654	760
3532395684	2320
3532395727	2860
3532395758	380
3532395784	2680
3532395793	860
3532395793	6700
3532395796	840
3532395840	4980
3532395855	1040
3532395944	160
3532396032	1880
3532396076	10500
3532396128	5700
3532396219	1600
3532396247	2300
3532396353	3940
3532396474	160
3532396483	2200
3532396622	2200
3532396652	1560
3532396654	1620
3532396676	2680
3532396700	1340
3532396764	1720
3532396776	580
3532396803	880
3532396904	4380
3532396936	1260
3532397068	220
3532397223	460
3532397257	3240
3532397265	3160
3532397277	2140
3532397300	2940
3532397407	3420
3532397499	260
3532397643	1800
3532397681	1260
3532397717	340
3532397781	1860
3532397866	4700
3532397962	1160
3532398029	5000
3532398209	3440
3532398289	280
3532398373	920
3532398374	2480
3532398386	1400
3532398429	5200
3532398461	380
3532398468	1480
3532398498	10680
3532398573	1360
3532398583	620
3532398846	4600
3532398884	1640
3532398913	380
3532399028	4220
3532399042	4720
3532399078	3380
3532399148	5480
3532399278	13860
3532399315	560
3532399334	15920
3532399392	5460
3532399400	1820
3532399441	860
3532399506	4480
3532399533	6640
3532399547	300
3532399611	2640
3532399623	100
3532399642	2560
3532399645	460
3532399695	1660
3532399826	400
3532399920	480
3532399948	1360
3532400019	2000
3532400070	160
3532400204	2380
3532400226	1060
3532400239	18220
3532400359	80
3532400374	1860
3532400422	1000
3532400441	980
3532400534	1020
3532400567	6760
3532400589	2000
3532400639	1920
3532400640	760
3532400649	1460
3532400650	820
3532400767	640
3532400788	2860
3532400800	560
3532400927	1500
3532400941	4980
3532400976	2900
3532400977	2320
3532401010	1500
3532401089	2820
3532401106	3200
3532401108	1280
3532401130	1400
3532401183	1060
3532401188	620
3532401316	1780
3532401474	1400
3532401496	2280
3532401503	4940
3532401546	7040
3532401561	500
3532401614	400
3532401647	180
3532401875	560
3532401969	7420
3532401984	2060
3532401987	9440
3532401988	400
3532402035	1720
3532402043	1760
3532402057	1000
3532402083	1540
3532402119	2580
3532402151	240
3532402155	220
3532402165	1740
3532402166	1560
3532402186	2320
3532402197	1240
3532402279	10360
3532402282	2280
3532402311	560
3532402348	8540
3532402350	1000
3532402421	1320
3532402452	3080
3532402456	3360
3532402485	120
3532402563	680
3532402593	560
3532402600	3400
3532402648	1280
3532402732	220
3532402752	1960
3532402770	160
3532402775	4560
3532402793	760
3532402799	860
3532402871	940
3532402875	480
3532402929	1340
3532403096	2140
3532403178	1320
3532403191	2060
3532403196	2380
3532403225	2000
3532403391	2340
3532403405	2140
3532403430	3660
3532403492	1120
3532403513	3420
3532403537	1780
3532403583	1280
3532403590	2180
3532403590	2200
3532403643	3840
3532403658	140
3532403725	400
3532403784	4480
3532403885	760
3532403926	1980
3532403955	1800
3532403967	1600
3532403987	720
3532404066	2520
3532404092	2360
3532404097	1920
3532404118	440
3532404126	180
3532404400	1580
3532404420	460
3532404428	320
3532404468	740
3532404475	1660
3532404526	2300
3532404549	6340
3532404587	580
3532404651	940
3532404803	1220
3532404835	1520
3532404876	1620
3532404998	120
3532405037	1340
3532405123	6180
3532405184	100
3532405229	2660
3532405344	1720
3532405541	1880
3532405569	620
3532405601	3580
3532405603	3340
3532405624	2740
3532405637	4760
3532405684	140
3532405689	1560
3532405708	2300
3532405748	1020
3532405782	580
3532405894	300
3532405922	660
3532406070	1220
3532406193	440
3532406278	420
3532406389	15820
3532406425	3320
3532406461	960
3532406587	600
3532406600	540
3532406713	5020
3532406765	780
3532406867	3380
3532406945	3760
3532406969	2780
3532406985	1300
3532407068	2680
3532407133	5140
3532407139	1840
3532407141	2420
3532407161	2940
3532407262	1520
3532407272	480
3532407316	1700
3532407425	2500
3532407432	200
3532407438	5320
3532407546	280
3532407549	3080
3532407551	4960
3532407639	540
3532407645	740
3532407725	3680
3532407744	2120
3532407819	460
3532407874	3440
3532407975	560
3532408000	1600
3532408000	1500
3532408004	220
3532408004	2080
3532408022	2340
3532408044	1900
3532408070	8140
3532408136	180
3532408147	2100
3532408197	1760
3532408208	460
3532408222	940
3532408261	1440
3532408396	1840
3532408441	800
3532408487	2680
3532408513	2780
3532408617	1860
3532408626	420
3532408627	3140
3532408662	1800
3532408678	17860
3532408697	1660
3532408698	5280
3532408731	3020
3532408782	2080
3532408830	620
3532408858	4760
3532408882	10560
3532408897	860
3532408946	900
3532409068	4520
3532409076	3320
3532409081	1280
3532409104	2600
3532409139	2820
3532409189	1660
3532409228	1760
3532409266	2200
3532409341	2840
3532409345	320
3532409363	10240
3532409426	180
3532409511	2140
3532409520	120
3532409522	2100
3532409555	3240
3532409624	120
3532409747	7360
3532409855	2500
3532409862	280
3532409869	140
3532409870	800
3532409882	260
3532409885	440
3532409896	10800
3532409896	1920
3532409911	880
3532409984	5880
3532410005	400
3532410066	1240
3532410162	3720
3532410238	1880
3532410241	1360
3532410419	2360
3532410502	6480
3532410506	340
3532410522	120
3532410524	2660
3532410569	980
3532410627	220
3532410741	900
3532410800	380
3532410837	4140
3532410907	1080
3532410930	7820
3532410968	2820
3532411002	3160
3532411025	3460
3532411098	340
3532411144	2240
3532411179	300
3532411255	640
3532411301	1560
3532411394	1300
3532411403	5000
3532411436	2380
3532411507	1080
3532411520	2160
3532411618	1900
3532411736	800
3532411875	680
3532411885	4800
3532411933	1280
3532411965	5940
3532412013	420
3532412016	360
3532412047	2080
3532412065	360
3532412126	2040
3532412160	1480
3532412242	1720
3532412284	9580
3532412301	240
3532412309	1400
3532412349	4240
3532412419	4460
3532412457	7260
3532412462	2720
3532412540	7900
3532412552	580
3532412646	3780
3532412844	1020
3532412963	200
3532413190	180
3532413300	2140
3532413368	1500
3532413395	5820
3532413416	160
3532413445	340
3532413516	3740
3532413522	1040
3532413576	560
3532413605	480
3532413658	280
3532413871	1180
3532413881	1800
3532413910	200
3532414080	4820
3532414089	300
3532414163	1220
3532414167	1980
3532414238	240
3532414298	1240
3532414306	860
3532414409	940
3532414502	1460
3532414504	880
3532414513	5640
3532414534	3640
3532414556	2620
3532414578	6780
3532414646	1000
3532414711	4060
3532414791	340
3532414819	1380
3532414820	1100
3532414830	3040
3532414838	2100
3532414853	520
3532414873	1700
3532414880	3060
3532414950	12360
3532414957	4900
3532415032	540
3532415056	2460
3532415059	1340
3532415075	180
3532415175	320
3532415187	740
3532415193	800
3532415209	2440
3532415256	3740
3532415300	380
3532415307	920
3532415406	3460
3532415535	320
3532415583	3040
3532415598	340
3532415617	7400
3532415660	1100
3532415686	600
3532415735	1220
3532415735	2940
3532415781	3960
3532415849	680
3532416000	1960
3532416061	1840
3532416070	100
3532416073	2520
3532416115	2780
3532416116	6940
3532416135	4420
3532416149	1480
3532416174	980
3532416180	760
3532416218	3080
3532416256	380
3532416412	1780
3532416458	1280
3532416494	1220
3532416517	520
3532416530	320
3532416602	1720
3532416750	3400
3532416751	11420
3532416772	480
3532417022	6160
3532417036	840
3532417057	1680
3532417089	5540
3532417142	1700
3532417158	480
3532417176	6480
3532417203	2080
3532417236	3040
3532417242	1080
3532417246	400
3532417270	980
3532417293	3300
3532417427	1180
3532417454	15640
3532417566	460
3532417577	5660
3532417618	5400
3532417626	3700
3532417800	1520
3532417829	13600
3532418077	3680
3532418141	5700
3532418142	560
3532418144	1060
3532418157	5900
3532418203	860
3532418265	300
3532418323	5100
3532418414	480
3532418448	2260
3532418539	2560
3532418587	1740
3532418656	3240
3532418672	1060
3532418708	6180
3532418708	3360
3532418899	2180
3532419015	1280
3532419033	3860
3532419110	2380
3532419192	1260
3532419396	1200
3532419511	2560
3532419533	1200
3532419598	1580
3532419605	1100
3532419620	1300
3532419730	3340
3532419735	300
3532419751	280
3532419908	1560
3532419933	2020
3532419968	540
3532420033	4020
3532420100	3980
3532420163	1480
3532420167	1460
3532420179	900
3532420203	12800
3532420249	1620
3532420307	2900
3532420405	560
3532420429	4740
3532420447	1300
3532420498	1320
3532420533	1460
3532420741	600
3532420745	1220
3532420854	420
3532420870	2100
3532420927	1660
3532421010	1760
3532421041	380
3532421050	1640
3532421076	120
3532421105	120
3532421177	1420
3532421189	560
3532421214	260
3532421303	1300
3532421337	4460
3532421427	140
3532421548	1800
3532421554	4840
3532421584	1160
3532421596	1100
3532421659	12160
3532421666	140
3532421675	460
3532421678	3580
3532421724	2500
3532421733	4660
3532421805	1660
3532421882	260
3532421901	320
3532421916	2000
3532421964	620
3532422016	820
3532422061	940
3532422244	520
3532422301	920
3532422378	9180
3532422406	3540
3532422614	860
3532422756	880
3532422792	1720
3532422878	5140
3532423082	1420
3532423083	520
3532423128	2840
3532423192	160
3532423246	11780
3532423271	13240
3532423308	920
3532423364	1180
3532423450	7320
3532423530	12260
3532423626	840
3532423652	5320
3532423724	1780
3532423732	1300
3532423738	2200
3532423767	1480
3532423779	7360
3532423811	240
3532423830	4980
3532423870	140
3532424004	2120
3532424055	900
3532424061	3240
3532424088	100
3532424089	2480
3532424095	2020
3532424139	220
3532424154	2160
3532424167	3120
3532424196	14940
3532424353	2100
3532424405	460
3532424475	380
3532424484	3200
3532424561	420
3532424621	1240
3532424690	3020
3532424757	1600
3532424772	760
3532424886	5080
3532424895	5440
3532424946	2420
3532425047	6240
3532425076	540
3532425100	2340
3532425205	8260
3532425290	4440
3532425352	1900
3532425418	260
3532425557	600
3532425623	520
3532425628	140
3532425636	3100
3532425643	780
3532425662	1220
3532425678	760
3532425713	10660
3532425754	5240
3532425796	2060
3532425797	1160
3532425801	300
3532425830	11260
3532425837	2920
3532425850	3060
3532425928	580
3532426042	1180
3532426137	2700
3532426211	5460
3532426283	2000
3532426284	1720
3532426310	2400
3532426346	560
3532426361	520
3532426378	1720
3532426424	960
3532426445	3100
3532426449	820
3532426567	1500
3532426603	1220
3532426665	1980
3532426677	1800
3532426692	4960
3532426703	1280
3532426724	7040
3532426818	1440
3532426945	1940
3532426975	540
3532427008	3420
3532427045	400
3532427142	1600
3532427150	1420
3532427325	140
3532427358	10540
3532427457	1920
3532427551	580
3532427585	4080
3532427633	1440
3532427823	220
3532427834	2320
3532427893	1320
3532427939	780
3532428007	7140
3532428017	1540
3532428057	1380
3532428124	7860
3532428144	3080
3532428210	1280
3532428285	2100
3532428309	2320
3532428313	3580
3532428340	4640
3532428355	680
3532428377	1080
3532428435	720
3532428610	1140
3532428687	4600
3532428687	2720
3532428770	5280
3532428811	620
3532428836	460
3532428868	10680
3532428909	3300
3532428912	100
3532428919	1400
3532429012	480
3532429061	1520
3532429113	660
3532429132	1520
3532429161	12360
3532429178	700
3532429257	2280
3532429342	1120
3532429392	1780
3532429395	1600
3532429407	120
3532429487	5040
3532429558	820
3532429600	2180
3532429611	2900
3532429613	420
3532429650	3620
3532429745	11640
3532429784	1380
3532429839	980
3532429852	560
3532429940	1100
3532429986	820
3532430005	1980
3532430025	200
3532430072	940
3532430081	700
3532430090	1740
3532430142	1720
3532430175	2540
3532430225	280
3532430294	14400
3532430355	5560
3532430457	2860
3532430471	220
3532430475	6780
3532430481	320
3532430488	2260
3532430595	4300
3532430610	6060
3532430623	160
3532430636	2140
3532430647	140
3532430679	7100
3532430706	2280
3532430732	4300
3532430762	3020
3532430847	2640
3532430933	1660
3532431014	820
3532431091	4380
3532431164	2800
3532431190	1240
3532431291	1520
3532431295	3260
3532431324	2760
3532431330	7100
3532431340	1480
3532431470	1780
3532431669	3880
3532431677	3880
3532431766	4480
3532431794	1320
3532431825	660
3532431843	1880
3532431933	2100
3532432012	7540
3532432015	2760
3532432061	6720
3532432105	1720
3532432113	700
3532432173	3580
3532432317	500
3532432331	2760
3532432363	960
3532432494	1140
3532432496	680
3532432531	1340
3532432603	420
3532432836	2000
3532432840	9800
3532432889	3980
3532432974	740
3532433002	2540
3532433010	1140
3532433034	300
3532433118	3060
3532433148	1700
3532433173	2440
3532433176	2340
3532433253	5100
3532433447	1800
3532433465	2620
3532433486	1340
3532433509	2580
3532433566	2840
3532433579	1440
3532433596	500
3532433765	160
3532433790	2340
3532433801	3600
3532433821	300
3532433853	520
3532433878	4040
3532433891	640
3532434054	400
3532434063	4940
3532434165	2160
3532434263	12100
3532434332	1840
3532434333	480
3532434347	3280
3532434444	9420
3532434466	1420
3532434516	1940
3532434529	2540
3532434636	3680
3532434647	2180
3532434749	3680
3532434783	1060
3532434812	1640
3532434902	2200
3532434928	8720
3532434948	4820
3532434965	200
3532435119	6840
3532435209	2120
3532435218	860
3532435309	2100
3532435333	1720
3532435392	660
3532435395	740
3532435488	240
3532435591	500
3532435592	6560
3532435645	5080
3532435719	860
3532435723	3580
3532435846	960
3532435853	6960
3532435887	700
3532435928	2080
3532436038	7240
3532436041	520
3532436056	200
3532436092	1020
3532436101	860
3532436149	9620
3532436154	940
3532436190	900
3532436257	1580
3532436262	520
3532436346	240
3532436440	5540
3532436523	2080
3532436570	820
3532436578	1000
3532436614	900
3532436622	1060
3532436717	16820
3532436761	200
3532436996	480
3532437050	2600
3532437111	2240
3532437149	8880
3532437193	260
3532437283	9240
3532437348	420
3532437361	1780
3532437443	15020
3532437462	1240
3532437476	3760
3532437479	540
3532437506	900
3532437590	160
3532437691	320
3532437691	7100
3532437875	200
3532437967	4380
3532438035	700
3532438063	2500
3532438246	280
3532438310	1320
3532438322	1520
3532438435	2740
3532438498	420
3532438510	1900
3532438679	1960
3532438683	960
3532438749	2800
3532438839	1020
3532438883	2020
3532438888	1480
3532438911	1600
3532438916	780
3532438919	240
3532438987	280
3532439024	4060
3532439027	3000
3532439103	940
3532439192	120
3532439242	4160
3532439254	2260
3532439309	4620
3532439377	4680
3532439423	4260
3532439448	4860
3532439454	1060
3532439473	920
3532439571	120
3532439581	800
3532439587	1220
3532439626	960
3532439652	480
3532439707	2960
3532439708	11580
3532439879	920
3532439979	360
3532439980	6420
3532439996	360
3532440046	680
3532440088	4180
3532440176	1100
3532440177	3760
3532440184	280
3532440227	1360
3532440293	3080
3532440314	3540
3532440320	1340
3532440418	2620
3532440434	120
3532440443	160
3532440451	3240
3532440463	2620
3532440470	160
3532440519	1460
3532440549	1280
3532440572	5000
3532440577	15660
3532440589	8960
3532440698	700
3532440741	1940
3532440744	720
3532440820	240
3532440839	2520
3532440854	6100
3532440858	6980
3532440912	5080
3532441025	760
3532441102	360
3532441104	600
3532441128	1740
3532441142	460
3532441184	1100
3532441204	2160
3532441221	1380
3532441263	2120
3532441335	540
3532441393	5640
3532441444	1380
3532441498	340
3532441546	1200
3532441642	680
3532441663	1020
3532441716	220
3532441724	2300
3532441742	720
3532441744	1120
3532441793	1580
3532441801	220
3532441804	1640
3532441863	620
3532441880	2700
3532441897	200
3532441932	1940
3532441976	400
3532442002	660
3532442035	1820
3532442051	940
3532442061	460
3532442063	1920
3532442141	400
3532442236	600
3532442391	5080
3532442477	2600
3532442551	2100
3532442561	8380
3532442569	960
3532442602	3660
3532442731	9920
3532442790	8080
3532442848	3280
3532442878	920
3532442890	2060
3532442941	5200
3532443012	1980
3532443032	3880
3532443057	960
3532443120	6060
3532443123	1260
3532443137	220
3532443150	560
3532443333	2220
3532443346	2240
3532443346	380
3532443397	680
3532443441	1360
3532443531	940
3532443531	1820
3532443586	1580
3532443673	1720
3532443881	360
3532443920	200
3532443968	980
3532444011	300
3532444098	3880
3532444099	980
3532444131	3160
3532444132	580
3532444156	6780
3532444423	460
