3532010916	1740
3532010927	120
3532010928	3260
3532010932	880
3532010943	6720
3532010958	580
3532010982	10340
3532011070	2740
3532011128	520
3532011216	3340
3532011271	280
3532011279	620
3532011320	7160
3532011417	2920
3532011442	1980
3532011477	1240
3532011490	2540
3532011510	760
3532011538	7240
3532011560	400
3532011563	1200
3532011590	4360
3532011653	1640
3532011686	6860
3532011816	1360
3532011919	260
3532011998	120
3532012212	1180
3532012259	40
3532012259	2680
3532012259	40
3532012259	120
3532012281	2240
3532012360	2480
3532012459	7440
3532012484	140
3532012600	3000
3532012695	1940
3532012750	2820
3532012765	380
3532012804	2860
3532012816	2980
3532012821	1880
3532012860	6720
3532012929	2120
3532012976	960
3532013122	760
3532013177	1300
3532013209	9460
3532013226	1960
3532013241	740
3532013259	340
3532013285	5220
3532013291	1940
3532013336	720
3532013343	720
3532013401	3960
3532013480	1300
3532013533	700
3532013541	1340
3532013541	1480
3532013587	520
3532013599	1260
3532013617	6180
3532013623	4320
3532013638	1960
3532013658	1040
3532013680	8100
3532013692	1660
3532013721	2240
3532013820	1760
3532013944	1740
3532014070	18380
3532014080	3220
3532014171	1360
3532014201	520
3532014221	1220
3532014266	8440
3532014354	640
3532014376	4760
3532014439	680
3532014472	880
3532014494	1280
3532014632	480
3532014671	720
3532014677	1700
3532014741	3980
3532014864	8920
3532014955	2000
3532014988	900
3532015022	920
3532015071	5900
3532015085	460
3532015098	3680
3532015134	260
3532015137	1920
3532015141	5880
3532015191	1080
3532015199	940
3532015231	3620
3532015268	3260
3532015369	1840
3532015393	1940
3532015409	2660
3532015420	380
3532015502	800
3532015509	3400
3532015557	1080
3532015591	580
3532015691	3640
3532015725	1080
3532015729	200
3532015889	780
3532015894	280
3532015934	1120
3532015981	460
3532016011	3300
3532016037	260
3532016049	320
3532016071	4100
3532016187	940
3532016293	300
3532016294	760
3532016326	2000
3532016332	360
3532016411	1620
3532016459	880
3532016482	3160
3532016507	3080
3532016548	2080
3532016744	3940
3532016756	120
3532016818	4620
3532017003	220
3532017057	1780
3532017070	120
3532017081	2120
3532017095	2260
3532017210	560
3532017227	720
3532017340	1160
3532017402	2800
3532017481	1980
3532017498	4580
3532017584	660
3532017700	3700
3532017731	2540
3532017736	700
3532017756	2300
3532017756	820
3532017773	1200
3532017818	220
3532017835	980
3532017839	820
3532017903	1740
3532017968	4560
3532017979	940
3532018006	1320
3532018030	140
3532018093	640
3532018127	6880
3532018141	5580
3532018142	2280
3532018196	1360
3532018288	1840
3532018442	3400
3532018450	3220
3532018541	5680
3532018669	620
3532018705	3640
3532018723	2820
3532018726	6000
3532018749	1800
3532018811	6180
3532018816	460
3532018881	860
3532018892	100
3532018927	1660
3532019085	4300
3532019090	7740
3532019100	2360
3532019109	580
3532019143	14320
3532019194	1700
3532019197	980
3532019215	200
3532019377	1620
3532019422	2540
3532019465	920
3532019484	2160
3532019507	2240
3532019522	860
3532019652	4520
3532019779	1400
3532019864	480
3532019864	1120
3532019864	4280
3532019927	320
3532019939	1140
3532019947	1080
3532019955	1580
3532019969	820
3532020084	1360
3532020229	1360
3532020240	2460
3532020315	3320
3532020462	2740
3532020472	4900
3532020565	800
3532020706	620
3532020710	2000
3532020806	18440
3532020849	2080
3532020852	560
3532020904	1060
3532021090	520
3532021097	4840
3532021159	7240
3532021189	140
3532021244	360
3532021324	320
3532021347	4360
3532021351	800
3532021370	120
3532021423	240
3532021429	1400
3532021584	60
3532021609	80
3532021622	2080
3532021625	1200
3532021641	1020
3532021641	2900
3532021690	820
3532021725	1300
3532021748	1000
3532021759	260
3532021808	7580
3532021810	3060
3532021867	860
3532021892	1240
3532021898	2780
3532021906	860
3532022015	500
3532022185	3280
3532022196	600
3532022217	120
3532022315	1060
3532022333	3440
3532022546	3380
3532022626	1780
3532022654	2240
3532022703	1160
3532022774	1380
3532022880	2140
3532022931	5480
3532022960	120
3532022998	1800
3532023213	220
3532023277	3720
3532023321	200
3532023327	1780
3532023347	800
3532023364	540
3532023478	1940
3532023483	960
3532023485	1940
3532023516	2000
3532023596	1260
3532023638	500
3532023723	4000
3532023735	11100
3532023757	1080
3532023758	300
3532023792	1160
3532023831	860
3532023870	3460
3532024001	780
3532024024	1020
3532024036	240
3532024108	2080
3532024137	2120
3532024138	1840
3532024172	9460
3532024188	5460
3532024314	640
3532024346	280
3532024369	740
3532024410	12140
3532024455	140
3532024514	2980
3532024632	380
3532024638	1220
3532024650	1100
3532024655	920
3532024750	240
3532024827	1800
3532024904	2100
3532024937	3560
3532024978	2600
3532024983	5640
3532025111	520
3532025185	2720
3532025219	5180
3532025263	3280
3532025412	420
3532025499	1800
3532025503	220
3532025514	1160
3532025517	760
3532025625	4300
3532025738	1000
3532025815	3020
3532025826	5500
3532025848	1740
3532026081	2200
3532026084	1260
3532026097	740
3532026141	9380
3532026170	620
3532026187	2860
3532026279	1340
3532026393	2540
3532026563	120
3532026582	1240
3532026728	400
3532026750	4580
3532026756	1420
3532026795	2560
3532026807	3800
3532026881	200
3532026884	3560
3532026891	560
3532026895	1200
3532026909	500
3532026969	420
3532027084	7900
3532027116	8440
3532027168	1300
3532027176	5680
3532027211	1840
3532027231	2680
3532027560	1920
3532027620	2020
3532027665	10960
3532027686	2180
3532027854	1280
3532027878	7100
3532027899	2660
3532027941	400
3532027949	460
3532027957	2500
3532027988	4880
3532028046	660
3532028077	7820
3532028168	680
3532028184	480
3532028292	3700
3532028321	1520
3532028394	2360
3532028491	300
3532028542	620
3532028588	340
3532028617	1620
3532028698	280
3532028760	1340
3532028798	1080
3532028802	2020
3532028812	1240
3532028825	180
3532028960	4800
3532029156	3040
3532029181	380
3532029204	1700
3532029234	4320
3532029256	2940
3532029315	960
3532029326	1940
3532029377	6300
3532029387	920
3532029424	1960
3532029439	580
3532029456	1180
3532029488	3020
3532029495	280
3532029513	560
3532029663	640
3532029722	3840
3532029753	100
3532029780	2240
3532029817	540
3532029836	1460
3532029850	3180
3532029880	9380
3532030014	1020
3532030088	1540
3532030186	5980
3532030210	240
3532030232	1760
3532030253	420
3532030262	3240
3532030392	2140
3532030525	100
3532030631	280
3532030672	1480
3532030730	220
3532030745	300
3532030762	800
3532030805	320
3532030847	16300
3532030872	400
3532030898	940
3532030903	600
3532030925	1320
3532030932	800
3532030944	8160
3532031103	2060
3532031118	2080
3532031125	680
3532031185	1500
3532031209	4740
3532031231	3540
3532031240	2280
3532031246	160
3532031252	1280
3532031257	12340
3532031294	160
3532031301	100
3532031433	4060
3532031468	1900
3532031603	5120
3532031612	220
3532031631	920
3532031684	2280
3532031789	5680
3532031835	820
3532031869	980
3532031885	3400
3532032112	1220
3532032201	2340
3532032215	860
3532032393	1020
3532032417	220
3532032441	580
3532032482	860
3532032488	2520
3532032535	220
3532032621	660
3532032651	820
3532032658	820
3532032695	3600
3532032719	4660
3532032721	820
3532032840	10320
3532032849	2180
3532032877	4860
3532032882	4280
3532032921	1280
3532032972	4800
3532033010	620
3532033028	3360
3532033038	2500
3532033060	2480
3532033168	8200
3532033169	1160
3532033200	7600
3532033239	4020
3532033256	5940
3532033270	1860
3532033298	2200
3532033343	6460
3532033370	3840
3532033407	580
3532033413	220
3532033434	1520
3532033543	8580
3532033546	300
3532033555	680
3532033656	2540
3532033702	740
3532033751	3960
3532033782	320
3532033846	480
3532033929	2600
3532033979	3900
3532033986	7280
3532034015	2540
3532034038	540
3532034119	1800
3532034176	1220
3532034222	8680
3532034248	2480
3532034333	4240
3532034375	1360
3532034411	1280
3532034481	2360
3532034486	920
3532034492	580
3532034499	160
3532034631	2300
3532034645	720
3532034712	3420
3532034740	3280
3532034760	1160
3532034911	260
3532034921	180
3532035123	3160
3532035144	1520
3532035152	4140
3532035258	420
3532035307	280
3532035311	3420
3532035325	6040
3532035462	2400
3532035491	3780
3532035529	1500
3532035614	160
3532035763	3860
3532035766	640
3532035805	6740
3532035833	2420
3532035866	640
3532035948	1920
3532035973	1000
3532035985	1960
3532035993	2000
3532036022	4340
3532036022	1980
3532036027	860
3532036056	720
3532036069	1820
3532036117	1600
3532036163	5380
3532036273	680
3532036296	3820
3532036333	420
3532036339	9840
3532036517	2340
3532036525	2900
3532036539	680
3532036540	300
3532036565	1720
3532036591	2520
3532036628	240
3532036695	1300
3532036714	1600
3532036729	660
3532036735	340
3532036796	5560
3532036802	1160
3532036937	200
3532036942	5660
3532037039	1940
3532037189	500
3532037192	5060
3532037310	3520
3532037317	980
3532037320	560
3532037359	840
3532037446	1100
3532037494	980
3532037506	2760
3532037507	2120
3532037541	380
3532037579	1700
3532037596	840
3532037667	920
3532037695	2440
3532037760	12240
3532037822	900
3532037944	1320
3532037995	500
3532038031	740
3532038040	920
3532038082	3660
3532038102	1920
3532038175	280
3532038307	5660
3532038331	1320
3532038369	2140
3532038404	2500
3532038487	4680
3532038487	1200
3532038521	1120
3532038630	5060
3532038709	4940
3532038790	2640
3532038813	2160
3532038917	1040
3532038975	640
3532038985	1420
3532039011	800
3532039044	3400
3532039049	280
3532039053	660
3532039056	1780
3532039109	560
3532039205	1820
3532039217	1940
3532039269	8960
3532039286	560
3532039294	2200
3532039356	2980
3532039362	1220
3532039518	1400
3532039544	2240
3532039581	2700
3532039589	2060
3532039613	2320
3532039632	6340
3532039669	140
3532039838	380
3532039871	2460
3532039872	4160
3532039887	2240
3532039970	420
3532040014	3540
3532040052	9400
3532040090	2600
3532040096	4360
3532040102	120
3532040120	580
3532040138	1040
3532040158	3500
3532040275	1640
3532040334	160
3532040457	4140
3532040463	380
3532040536	2020
3532040609	1360
3532040632	15620
3532040705	2040
3532040787	2120
3532040905	2600
3532040908	13460
3532040919	2080
3532040939	2700
3532040997	3260
3532041008	4080
3532041063	1940
3532041074	1140
3532041116	3560
3532041135	580
3532041145	4800
3532041155	540
3532041224	1360
3532041245	1160
3532041250	1240
3532041281	1440
3532041332	3100
3532041370	1100
3532041589	1720
3532041602	4140
3532041604	380
3532041618	980
3532041648	2640
3532041699	580
3532041809	520
3532041917	1580
3532041933	200
3532041946	1800
3532042001	420
3532042030	4540
3532042240	2640
3532042263	2340
3532042267	4940
3532042310	8760
3532042490	640
3532042549	5160
3532042661	4240
3532042737	2280
3532042831	3140
3532042832	1500
3532042894	1120
3532042894	1000
3532042984	8060
3532042994	600
3532042994	3480
3532043026	720
3532043134	4600
3532043156	160
3532043171	160
3532043276	9380
3532043458	300
3532043467	600
3532043474	1160
3532043501	700
3532043513	700
3532043617	740
3532043728	7760
3532043730	1420
3532043746	2040
3532043758	1580
3532043816	10660
3532043817	1220
3532043827	6360
3532043864	12460
3532043929	2400
3532043947	4000
3532043958	14820
3532044020	1660
3532044074	1800
3532044232	2360
3532044485	900
3532044497	1680
3532044630	1280
3532044813	5120
3532044832	640
3532044854	2120
3532044907	6200
3532044932	3060
3532044949	2280
3532044960	3540
3532045013	560
3532045059	7500
3532045075	160
3532045107	2340
3532045161	4480
3532045193	520
3532045199	1280
3532045243	3660
3532045261	4340
3532045338	4520
3532045366	7560
3532045392	19940
3532045455	1020
3532045467	980
3532045486	480
3532045652	660
3532045676	4920
3532045714	260
3532045721	940
3532045730	2660
3532045745	520
3532045765	1500
3532045811	320
3532045845	140
3532045845	520
3532046195	1740
3532046232	980
3532046295	80
3532046419	3580
3532046506	560
3532046543	120
3532046579	420
3532046624	2120
3532046669	2100
3532046894	760
3532046931	200
3532047004	1280
3532047058	160
3532047325	380
3532047485	620
3532047496	1160
3532047503	2660
3532047673	3820
3532047695	1440
3532047814	540
3532047816	10640
3532047831	900
3532048000	1820
3532048032	680
3532048182	300
3532048190	5500
3532048251	200
3532048254	4400
3532048310	300
3532048318	2100
3532048454	280
3532048458	7080
3532048465	1000
3532048476	3300
3532048487	860
3532048490	1740
3532048553	1400
3532048597	9440
3532048617	4460
3532048737	760
3532048821	3240
3532048831	360
3532048955	360
3532048984	520
3532049043	200
3532049058	120
3532049072	2620
3532049126	2960
3532049197	740
3532049202	4240
3532049222	5080
3532049376	3440
3532049413	160
3532049513	480
3532049672	4540
3532049674	4940
3532049683	940
3532049727	1080
3532049759	1920
3532049793	460
3532049829	100
3532049886	4660
3532049916	420
3532049953	1600
3532049954	1820
3532050010	780
3532050035	900
3532050057	1220
3532050096	1000
3532050296	2820
3532050358	1900
3532050400	1100
3532050410	260
3532050475	6080
3532050561	5220
3532050621	1400
3532050630	160
3532050650	140
3532050691	1500
3532050701	360
3532050787	4500
3532050832	220
3532050857	420
3532050866	3740
3532050928	2440
3532051041	400
3532051064	4700
3532051068	2360
3532051085	380
3532051129	1240
3532051157	2500
3532051189	1800
3532051228	3640
3532051322	1500
3532051391	320
3532051396	2440
3532051502	260
3532051520	420
3532051553	1800
3532051579	660
3532051584	1460
3532051614	140
3532051681	1600
3532051708	1140
3532051740	2380
3532051742	640
3532051760	1260
3532051805	720
3532051810	4640
3532051868	1320
3532051873	10060
3532051942	420
3532052040	2080
3532052061	1160
3532052103	1700
3532052114	2840
3532052116	3300
3532052205	480
3532052242	460
3532052272	140
3532052278	3360
3532052337	160
3532052382	1420
3532052410	1360
3532052460	1780
3532052484	500
3532052524	920
3532052538	380
3532052612	700
3532052645	460
3532052659	5840
3532052690	8060
3532052792	14320
3532052846	480
3532053009	1120
3532053108	2140
3532053246	800
3532053300	280
3532053363	3700
3532053437	6320
3532053465	3300
3532053573	3040
3532053581	18160
3532053585	5360
3532053631	880
3532053742	980
3532053776	1140
3532053781	900
3532053806	4000
3532053837	420
3532053885	900
3532053995	7680
3532054050	580
3532054059	1880
3532054090	5320
3532054100	5280
3532054141	120
3532054165	2140
3532054220	220
3532054235	4220
3532054289	8000
3532054365	420
3532054383	1280
3532054388	3460
3532054396	740
3532054417	1900
3532054479	280
3532054492	2540
3532054496	1660
3532054546	1780
3532054559	1540
3532054618	3280
3532054623	100
3532054717	1420
3532054909	1220
3532054961	640
3532055004	3160
3532055016	200
3532055200	1300
3532055226	1740
3532055377	1300
3532055438	1660
3532055522	3660
3532055586	200
3532055595	4420
3532055664	680
3532055766	1980
3532055778	1660
3532055844	1520
3532055872	1240
3532055893	200
3532055925	1340
3532055936	2420
3532055997	2080
3532056037	16320
3532056056	1280
3532056067	160
3532056071	3740
3532056079	6580
3532056095	120
3532056134	1180
3532056254	160
3532056275	1760
3532056278	1560
3532056345	4120
3532056470	1860
3532056539	1200
3532056616	440
3532056617	8820
3532056643	580
3532056644	220
3532056676	2220
3532056695	860
3532056830	440
3532056906	460
3532057076	160
3532057203	5520
3532057292	1360
3532057295	2000
3532057379	2840
3532057429	4800
3532057493	2520
3532057588	2620
3532057646	5020
3532057656	340
3532057733	160
3532057736	600
3532057862	1300
3532057925	3340
3532057962	580
3532058004	3560
3532058047	18260
3532058097	80
3532058190	260
3532058355	2960
3532058377	1340
3532058384	1100
3532058478	1720
3532058479	1240
3532058564	3040
3532058587	620
3532058670	780
3532058690	1600
3532058773	860
3532058799	1880
3532058808	4760
3532058927	820
3532058929	5960
3532059008	1220
3532059041	880
3532059099	3500
3532059109	120
3532059149	120
3532059164	880
3532059366	620
3532059378	1060
3532059388	320
3532059436	1100
3532059604	120
3532059730	380
3532059792	2040
3532059808	840
3532059808	3940
3532059934	1540
3532059976	640
3532060143	900
3532060166	3840
3532060208	360
3532060246	1860
3532060582	1440
3532060637	320
3532060692	640
3532060707	3360
3532060827	2820
3532060860	380
3532060948	2300
3532061006	540
3532061035	940
3532061045	1540
3532061048	360
3532061070	4620
3532061159	480
3532061256	220
3532061288	2160
3532061340	3900
3532061444	180
3532061580	180
3532061629	460
3532061666	300
3532061704	4120
3532061762	240
3532061792	3200
3532061808	140
3532061930	1160
3532061991	220
3532061998	720
3532062024	4900
3532062055	1300
3532062056	680
3532062073	1480
3532062157	520
3532062213	3220
3532062216	16920
3532062258	860
3532062260	960
3532062317	640
3532062368	140
3532062489	560
3532062529	1080
3532062566	760
3532062663	3560
3532062663	1140
3532062769	3060
3532062928	15740
3532063038	3940
3532063057	3060
3532063107	5000
3532063214	1980
3532063223	3160
3532063235	1180
3532063351	2460
3532063388	2340
3532063401	720
3532063403	14920
3532063614	2880
3532063629	680
3532063738	360
3532063748	1860
3532063779	5480
3532063780	440
3532063782	880
3532063827	4140
3532063939	340
3532063977	5300
3532064028	1540
3532064047	3360
3532064054	860
3532064076	900
3532064094	700
3532064190	1620
3532064245	1160
3532064328	3160
3532064384	1200
3532064468	640
3532064620	820
3532064637	440
3532064758	1840
3532064848	100
3532064890	360
3532064910	840
3532064918	220
3532064989	2500
3532065018	7580
3532065035	3100
3532065103	3140
3532065178	3880
3532065294	760
3532065363	2300
3532065447	5880
3532065482	1640
3532065517	600
3532065575	260
3532065633	1420
3532065648	2780
3532065664	200
3532065676	5760
3532065697	840
3532065732	420
3532065885	1740
3532065926	2340
3532065932	2300
3532065939	340
3532066024	4200
3532066057	6180
3532066073	12680
3532066107	3280
3532066196	720
3532066196	3120
3532066223	360
3532066247	220
3532066252	1220
3532066344	1180
3532066405	920
3532066415	1140
3532066492	500
3532066507	160
3532066523	340
3532066532	3200
3532066584	5600
3532066593	100
3532066645	580
3532066704	1540
3532066729	1700
3532066760	640
3532066787	1040
3532066792	220
3532066877	260
3532066879	1800
3532066909	13640
3532066958	620
3532067046	1220
3532067146	2840
3532067174	4220
3532067189	3300
3532067223	340
3532067280	1040
3532067330	980
3532067336	280
3532067364	140
3532067409	5380
3532067479	4040
3532067495	240
3532067497	8920
3532067522	7440
3532067530	1700
3532067533	3020
3532067614	6020
3532067667	1660
3532067681	3240
3532067881	3560
3532067891	17120
3532068039	1020
3532068107	3140
3532068151	200
3532068198	2560
3532068304	2920
3532068346	3300
3532068450	560
3532068522	1920
3532068659	2840
3532068699	1120
3532068719	5720
3532068791	1080
3532068821	1880
3532068851	2400
3532068898	4420
3532069022	4260
3532069067	1580
3532069100	1360
3532069115	460
3532069148	10340
3532069177	2220
3532069239	1080
3532069241	420
3532069259	200
3532069413	2640
3532069428	860
3532069433	5500
3532069483	5360
3532069529	2400
3532069539	7700
3532069557	3200
3532069563	960
3532069618	3200
3532069692	3440
3532069698	1680
3532069743	200
3532069770	1720
3532069781	360
3532069873	3780
3532069897	16060
3532069964	2160
3532070073	780
3532070140	1360
3532070159	3080
3532070169	2100
3532070222	2120
3532070391	3900
3532070489	320
3532070530	3160
3532070551	900
3532070611	680
3532070629	2020
3532070816	1000
3532070988	640
3532071030	1040
3532071050	6220
3532071051	660
3532071051	2560
3532071079	2320
3532071161	2160
3532071227	1340
3532071273	620
3532071298	440
3532071330	2420
3532071419	160
3532071433	10660
3532071487	220
3532071575	820
3532071576	5280
3532071577	700
3532071583	660
3532071649	520
3532071726	1740
3532071832	800
3532071856	480
3532071869	1380
3532072118	1860
3532072165	3300
3532072244	2820
3532072307	460
3532072343	200
3532072343	2640
3532072435	900
3532072437	16160
3532072439	820
3532072444	480
3532072489	500
3532072518	4620
3532072612	420
3532072671	3040
3532072671	18560
3532072709	2340
3532072712	1120
3532072744	1560
3532072792	460
3532072839	740
3532072972	940
3532073119	700
3532073479	4000
3532073511	4500
3532073764	4540
3532073815	560
3532073863	2240
3532073877	5020
3532073895	100
3532073899	3200
3532073978	320
3532074012	7680
3532074049	1800
3532074223	820
3532074366	2180
3532074467	1900
3532074468	420
3532074481	1020
3532074492	960
3532074498	2860
3532074507	1700
3532074518	460
3532074637	1100
3532074745	16140
3532074763	3120
3532074808	14440
3532074855	640
3532074866	4140
3532074898	5640
3532074937	840
3532074947	1400
3532075003	2640
3532075110	1580
3532075112	1880
3532075222	880
3532075327	3300
3532075346	1940
3532075370	1360
3532075393	10780
3532075444	1980
3532075477	200
3532075575	1180
3532075578	1320
3532075583	1500
3532075591	520
3532075637	1740
3532075643	1740
3532075744	1980
3532075785	440
3532075962	1880
3532076013	780
3532076025	1760
3532076061	1040
3532076093	3020
3532076122	680
3532076145	260
3532076184	360
3532076329	260
3532076368	220
3532076426	900
3532076440	1620
3532076507	10440
3532076588	4200
3532076706	5260
3532076711	320
3532076715	2460
3532076759	960
3532076772	340
3532076911	4060
3532076916	1300
3532076959	3160
3532076961	3580
3532076974	860
3532076985	960
3532077024	2100
3532077028	780
3532077036	3580
3532077082	1940
3532077170	700
3532077173	1160
3532077178	3140
3532077248	2700
3532077250	380
3532077409	2960
3532077467	1600
3532077474	1580
3532077596	2280
3532077664	5420
3532077672	1060
3532077728	700
3532077806	2020
3532077849	6180
3532077967	1640
3532077980	1800
3532078122	1380
3532078131	5120
3532078143	380
3532078208	980
3532078329	5100
3532078467	4020
3532078538	2280
3532078585	1120
3532078614	960
3532078625	1700
3532078841	140
3532078856	4580
3532078889	320
3532078901	1420
3532078972	2900
3532079022	3440
3532079051	400
3532079111	2540
3532079167	4980
3532079176	520
3532079332	800
3532079465	360
3532079524	740
3532079586	240
3532079607	900
3532079805	4180
3532079908	1000
3532080053	680
3532080115	2660
3532080148	4220
3532080159	140
3532080183	920
3532080309	12960
3532080400	4140
3532080450	4380
3532080451	1280
3532080522	1620
3532080618	780
3532080620	820
3532080644	4020
3532080682	420
3532080698	1440
3532080708	820
3532080787	1280
3532080853	2280
3532080935	3040
3532080938	740
3532081072	2680
3532081078	1140
3532081099	8440
3532081134	240
3532081143	2060
3532081185	400
3532081288	280
3532081438	840
3532081447	4020
3532081474	1440
3532081552	1300
3532081657	3440
3532081657	1620
3532081681	3440
3532081686	3200
3532081714	280
3532081844	3500
3532081883	2040
3532081924	360
3532081975	940
3532082110	3920
3532082176	13060
3532082183	200
3532082185	2520
3532082191	1700
3532082234	620
3532082315	1040
3532082315	6420
3532082435	2140
3532082438	7180
3532082479	1280
3532082566	3200
3532082597	4820
3532082619	3420
3532082642	180
3532082743	5300
3532082847	100
3532082888	880
3532082900	3500
3532082912	2880
3532082921	1840
3532082930	3860
3532083031	160
3532083040	1520
3532083064	3520
3532083070	1780
3532083114	2560
3532083147	1100
3532083178	520
3532083189	1100
3532083200	1560
3532083250	3140
3532083294	400
3532083516	580
3532083727	1040
3532083932	4920
3532083971	7720
3532084048	4380
3532084054	9040
3532084060	1520
3532084090	260
3532084115	6620
3532084282	4480
3532084290	2380
3532084350	6000
3532084441	3080
3532084495	1700
3532084528	2700
3532084659	660
3532084715	3920
3532084864	300
3532084954	2840
3532084959	220
3532084976	1360
3532085035	2060
3532085092	2260
3532085276	1340
3532085279	3680
3532085338	2780
3532085367	3920
3532085509	1340
3532085535	1160
3532085591	880
3532085623	480
3532085805	620
3532085860	4060
3532085874	1800
3532085875	5220
3532085886	5120
3532085909	4800
3532085954	2720
3532086017	120
3532086216	2900
3532086246	2600
3532086287	2840
3532086292	6540
3532086299	740
3532086383	1720
3532086414	6380
3532086433	4940
3532086446	940
3532086456	580
3532086566	260
3532086681	860
3532086714	400
3532086889	100
3532086946	140
3532087007	640
3532087027	820
3532087122	1280
3532087127	3320
3532087142	9280
3532087181	2380
3532087183	1640
3532087274	9020
3532087289	5060
3532087302	4540
3532087303	920
3532087399	5380
3532087484	3780
3532087494	1820
3532087538	3360
3532087558	200
3532087609	620
3532087682	120
3532087692	4020
3532087736	280
3532087798	4220
3532087834	960
3532087916	2380
3532087938	920
3532087958	640
3532088098	2240
3532088140	13220
3532088283	560
3532088297	740
3532088472	1660
3532088540	2380
3532088573	2300
3532088613	700
3532088650	1200
3532088651	2260
3532088716	720
3532088724	180
3532088791	3020
3532088839	520
3532088945	500
3532088945	1180
3532089004	100
3532089008	600
3532089051	440
3532089068	2100
3532089100	440
3532089151	1540
3532089160	260
3532089209	3340
3532089233	1840
3532089311	120
3532089345	7760
3532089371	5000
3532089571	300
3532089608	800
3532089658	760
3532089686	1800
3532089702	520
3532089710	2640
3532089748	700
3532089774	4880
3532089783	5300
3532089795	1240
3532089839	400
3532089894	3500
3532089947	500
3532089972	140
3532089974	2700
3532090156	2480
3532090170	2720
3532090241	2460
3532090270	1860
3532090380	5280
3532090393	3940
3532090424	1920
3532090587	3200
3532090613	1860
3532090696	3220
3532090761	280
3532090794	980
3532090878	2180
3532090925	3940
3532090943	720
3532090954	1600
3532091077	600
3532091105	1560
3532091124	1680
3532091218	940
3532091277	240
3532091414	300
3532091416	740
3532091426	1360
3532091428	760
3532091483	220
3532091525	2100
3532091526	3320
3532091548	1700
3532091556	1520
3532091649	2320
3532091665	800
3532091696	1040
3532091711	1020
3532091766	1460
3532091908	5500
3532091994	1980
3532092038	3580
3532092057	1240
3532092083	2220
3532092091	560
3532092113	280
3532092120	8180
3532092123	3720
3532092323	500
3532092409	600
3532092488	1180
3532092502	2720
3532092596	680
3532092707	2120
3532092716	3000
3532092731	2400
3532092788	660
3532092803	3060
3532092942	360
3532092978	3760
3532093019	300
3532093030	460
3532093149	2280
3532093189	1940
3532093254	440
3532093263	7000
3532093283	3420
3532093327	1540
3532093368	800
3532093412	1240
3532093421	440
3532093455	540
3532093472	2680
3532093491	3920
3532093530	460
3532093558	500
3532093559	720
3532093710	1880
3532093743	1040
3532093875	240
3532093923	1420
3532093929	4380
3532093974	1140
3532094061	1860
3532094070	1020
3532094173	880
3532094183	320
3532094197	2400
3532094209	360
3532094494	3080
3532094544	1700
3532094571	620
3532094727	1980
3532094821	5320
3532094884	740
3532094894	600
3532094936	200
3532094971	2120
3532095024	1480
3532095043	11780
3532095081	2560
3532095092	1300
3532095109	2040
3532095278	1240
3532095288	3380
3532095347	3840
3532095352	1080
3532095381	1640
3532095444	3700
3532095445	6260
3532095448	800
3532095647	140
3532095667	1840
3532095704	1180
3532095873	1320
3532095900	1980
3532095968	1920
3532095991	2760
3532096029	5140
3532096040	3820
3532096104	2540
3532096205	10120
3532096243	1440
3532096350	3420
3532096478	1160
3532096689	1120
3532096765	1280
3532096832	3080
3532096997	2840
3532097165	520
3532097193	3000
3532097279	520
3532097335	2960
3532097442	420
3532097472	1620
3532097567	2460
3532097606	320
3532097679	440
3532097713	2040
3532097757	2700
3532097879	3980
3532097889	2460
3532097907	420
3532097935	1600
3532097940	900
3532097959	6040
3532098002	240
3532098058	800
3532098145	320
3532098159	3000
3532098209	180
3532098366	1680
3532098456	280
3532098487	460
3532098488	200
3532098541	100
3532098626	1260
3532098627	700
3532098634	8160
3532098673	1800
3532098700	2160
3532098741	560
3532098779	3520
3532098785	800
3532098899	200
3532098987	2560
3532099050	1140
3532099084	120
3532099086	1360
3532099146	1700
3532099220	760
3532099258	2140
3532099365	740
3532099391	8260
3532099614	180
3532099640	760
3532099724	1400
3532099749	3360
3532099788	300
3532099825	1620
3532099897	420
3532099974	140
3532100018	3440
3532100026	1720
3532100030	440
3532100052	5100
3532100188	3480
3532100212	3780
3532100341	2320
3532100361	1600
3532100395	3620
3532100433	3140
3532100452	1260
3532100479	1000
3532100497	5040
3532100507	10440
3532100549	14160
3532100769	1960
3532100844	2060
3532100864	2780
3532100893	560
3532100902	2380
3532100907	3080
3532100924	120
3532100957	1940
3532101010	3140
3532101139	1220
3532101147	3140
3532101287	5920
3532101324	1640
3532101390	300
3532101420	100
3532101475	960
3532101522	2180
3532101551	140
3532101576	2440
3532101663	2400
3532101676	7920
3532101681	3240
3532101697	5700
3532101821	1540
3532101864	2580
3532101867	1460
3532101931	1540
3532102020	4880
3532102023	2800
3532102085	240
3532102112	1440
3532102118	1400
3532102141	600
3532102145	6080
3532102165	1880
3532102239	140
3532102252	3920
3532102261	7000
3532102268	140
3532102426	1540
3532102514	6360
3532102631	3320
3532102658	2340
3532102685	680
3532102704	4220
3532102792	340
3532102806	2100
3532102979	2780
3532103000	2900
3532103025	1260
3532103025	2640
3532103039	1480
3532103132	2520
3532103266	5120
3532103274	8600
3532103292	1060
3532103341	140
3532103408	4080
3532103485	1780
3532103500	1360
3532103560	360
3532103583	860
3532103670	780
3532103801	1020
3532103837	2900
3532103993	1720
3532104022	1640
3532104043	1980
3532104066	640
3532104136	780
3532104151	2580
3532104179	540
3532104206	3540
3532104280	1000
3532104284	2680
3532104304	660
3532104309	820
3532104313	600
3532104383	720
3532104393	1920
3532104423	760
3532104469	1460
3532104484	160
3532104485	180
3532104507	2480
3532104510	800
3532104529	1480
3532104535	1920
3532104552	2020
3532104584	400
3532104626	2380
3532104739	1260
3532104773	1160
3532104826	4560
3532105004	860
3532105006	12100
3532105106	3160
3532105122	280
3532105149	660
3532105172	480
3532105222	5600
3532105386	1540
3532105414	1400
3532105467	520
3532105574	300
3532105715	1500
3532105718	1280
3532105721	1180
3532105815	7000
3532105838	3080
3532105909	4100
3532106034	2480
3532106130	1000
3532106166	700
3532106188	1140
3532106191	2860
3532106344	560
3532106415	1280
3532106450	1380
3532106604	920
3532106609	4260
3532106670	1100
3532106672	1200
3532106721	420
3532106737	320
3532106755	1520
3532106762	1160
3532106793	500
3532106816	1240
3532106840	500
3532106908	2720
3532106925	2400
3532106944	280
3532106949	460
3532106956	440
3532106959	5580
3532107087	680
3532107092	9100
3532107099	2200
3532107131	520
3532107139	1240
3532107151	2500
3532107156	3120
3532107189	4000
3532107195	2560
3532107228	1440
3532107251	1300
3532107390	860
3532107536	3880
3532107547	2400
3532107552	1100
3532107582	2720
3532107600	1760
3532107633	320
3532107802	1320
3532107807	260
3532107838	1880
3532107845	11780
3532107879	10140
3532108007	5040
3532108099	2040
3532108245	2320
3532108294	660
3532108328	1580
3532108350	5320
3532108373	2120
3532108419	1160
3532108580	1140
3532108587	340
3532108592	2300
3532108636	1940
3532108655	500
3532108673	1060
3532108710	160
3532108747	1880
3532108930	1400
3532108946	300
3532108953	3860
3532108980	180
3532108990	4960
3532109007	400
3532109013	8140
3532109045	1720
3532109112	1500
3532109185	420
3532109187	6880
3532109237	900
3532109270	5420
3532109287	2560
3532109375	3540
3532109404	1100
3532109503	2720
3532109580	1580
3532109655	1000
3532109676	1800
3532109706	10340
3532109709	840
3532109773	5080
3532109917	1560
3532109939	180
3532109979	520
3532110002	340
3532110245	660
3532110442	1360
3532110493	440
3532110601	1540
3532110679	2420
3532110737	260
3532110742	2640
3532110745	660
3532110749	2600
3532110802	3440
3532110820	840
3532110869	1740
3532110871	640
3532110926	120
3532110957	200
3532111014	400
3532111022	2000
3532111113	1440
3532111361	6260
3532111375	1320
3532111517	1080
3532111586	280
3532111588	540
3532111647	120
3532112080	220
3532112094	3020
3532112094	1020
3532112159	420
3532112159	6880
3532112271	380
3532112479	16060
3532112558	1840
3532112578	8680
3532112620	4220
3532112642	1100
3532112814	1660
3532112890	280
3532112939	540
3532112994	840
3532113036	1640
3532113122	7860
3532113142	1460
3532113148	2180
3532113176	1300
3532113206	3580
3532113220	2000
3532113220	3220
3532113399	700
3532113438	1520
3532113537	1980
3532113559	1460
3532113561	3560
3532113600	1000
3532113609	14600
3532113614	1700
3532113637	2980
3532113671	2240
3532113672	1700
3532113848	2260
3532113881	700
3532113944	8320
3532113999	1940
3532114107	1460
3532114161	2180
3532114181	2460
3532114220	4860
3532114372	1860
3532114422	760
3532114429	5500
3532114441	700
3532114466	120
3532114468	1660
3532114469	7380
3532114513	3820
3532114565	4880
3532114578	940
3532114620	2600
3532114741	4400
3532114806	3700
3532114833	8020
3532114908	3240
3532114950	200
3532114987	880
3532115011	4400
3532115040	240
3532115051	1260
3532115065	800
3532115169	1280
3532115255	2180
3532115308	4440
3532115388	2100
3532115394	2200
3532115425	3000
3532115429	4700
3532115439	340
3532115463	1460
3532115491	940
3532115496	2620
3532115504	2200
3532115526	1220
3532115578	280
3532115641	940
3532115664	8540
3532115694	380
3532115763	1520
3532115769	120
3532115790	520
3532115798	4860
3532115867	1240
3532115886	5420
3532115932	2400
3532115988	2860
3532116011	3940
3532116044	5180
3532116049	2120
3532116115	560
3532116184	480
3532116300	1300
3532116308	3180
3532116344	2320
3532116426	2640
3532116445	1720
3532116453	2060
3532116521	1200
3532116540	740
3532116566	5920
3532116610	3840
3532116661	160
3532116731	420
3532116789	2200
3532116874	2760
3532116889	320
3532116923	120
3532116962	460
3532117037	280
3532117076	1460
3532117097	1940
3532117102	8600
3532117129	2700
3532117190	7000
3532117271	1120
3532117287	2100
3532117384	1360
3532117437	840
3532117476	1080
3532117489	420
3532117549	8240
3532117615	420
3532117669	2740
3532117750	920
3532117815	4600
3532117828	3820
3532117829	240
3532117883	1120
3532118009	2400
3532118012	3020
3532118013	2600
3532118016	1460
3532118038	320
3532118068	6620
3532118197	660
3532118201	1960
3532118297	3920
3532118380	1900
3532118382	120
3532118398	300
3532118480	1180
3532118648	460
3532118700	1160
3532118784	1160
3532118789	15040
3532118807	4220
3532118820	9600
3532118845	3900
3532118890	2120
3532118929	1060
3532118985	3580
3532119049	5320
3532119090	280
3532119153	400
3532119224	6720
3532119286	3040
3532119331	12100
3532119349	2240
3532119373	120
3532119434	800
3532119449	220
3532119491	1320
3532119494	4220
3532119532	2180
3532119630	2680
3532119643	280
3532119647	5240
3532119662	1220
3532119684	380
3532119784	260
3532119798	7520
3532119813	500
3532119835	1020
3532119860	1680
3532119875	740
3532119876	360
3532119891	10640
3532119953	2580
3532119990	1240
3532120007	700
3532120023	7000
3532120047	2540
3532120080	11040
3532120117	960
3532120197	13360
3532120235	4380
3532120258	1280
3532120359	380
3532120363	1000
3532120366	920
3532120405	2340
3532120432	2860
3532120477	2000
3532120526	400
3532120561	6060
3532120580	1260
3532120601	3240
3532120639	5540
3532120684	140
3532120693	1720
3532120834	1000
3532120918	6440
3532120928	4960
3532121000	6520
3532121029	860
3532121169	4800
3532121283	400
3532121296	5720
3532121338	280
3532121464	120
3532121490	160
3532121590	3460
3532121689	5760
3532121722	200
3532121731	3380
3532121740	1180
3532121790	1960
3532121850	1180
3532121882	5040
3532121918	780
3532122007	1000
3532122018	3100
3532122025	3440
3532122066	7160
3532122131	400
3532122144	2260
3532122157	240
3532122209	2980
3532122235	2380
3532122259	380
3532122442	2640
3532122549	1940
3532122608	2140
3532122679	8080
3532122690	2740
3532122814	4360
3532122877	4380
3532122989	11540
3532123108	380
3532123115	1020
3532123138	5060
3532123180	1860
3532123194	360
3532123200	680
3532123221	840
3532123224	1240
3532123266	160
3532123380	720
3532123396	2160
3532123448	6220
3532123553	520
3532123567	8460
3532123598	720
3532123672	860
3532123678	480
3532123704	7640
3532124106	160
3532124224	3600
3532124302	620
3532124420	3120
3532124446	11160
3532124474	580
3532124483	320
3532124488	800
3532124600	1580
3532124696	1100
3532124701	400
3532124708	260
3532124752	2860
3532124793	1340
3532124797	3900
3532124833	1380
3532124933	160
3532124975	3220
3532125102	3640
3532125154	2180
3532125164	280
3532125223	2760
3532125229	140
3532125263	4740
3532125330	900
3532125377	900
3532125409	700
3532125437	140
3532125560	1560
3532125578	5180
3532125658	2060
3532125669	11940
3532125695	680
3532125699	2700
3532125754	11160
3532125849	1640
3532125855	1860
3532125955	460
3532125961	2680
3532126094	1040
3532126191	860
3532126260	160
3532126274	660
3532126331	200
3532126436	1420
3532126482	420
3532126565	2720
3532126628	960
3532126743	8220
3532126779	4940
3532126844	1040
3532126986	3220
3532127278	13360
3532127278	5620
3532127316	2220
3532127324	960
3532127398	2300
3532127450	2280
3532127451	2400
3532127614	380
3532127786	840
3532127934	500
3532128004	760
3532128079	4740
3532128112	1960
3532128147	100
3532128205	920
3532128308	240
3532128348	720
3532128382	1600
3532128429	440
3532128447	120
3532128569	3780
3532128588	6740
3532128679	740
3532128884	740
3532128890	2260
3532128896	2300
3532128978	1280
3532129008	1560
3532129047	780
3532129118	2520
3532129123	1940
3532129137	120
3532129142	1340
3532129168	14600
3532129484	8600
3532129600	7820
3532129695	680
3532129724	1120
3532129774	920
3532129856	3880
3532129978	900
3532130056	1840
3532130078	180
3532130203	2820
3532130262	9580
3532130290	240
3532130323	720
3532130333	1860
3532130342	5280
3532130446	1520
3532130477	2160
3532130551	3600
3532130558	8320
3532130578	9240
3532130603	3000
3532130688	360
3532130700	1600
3532130719	380
3532130755	140
3532130789	1600
3532130813	2880
3532130835	640
3532130857	1940
3532130872	3480
3532130912	3500
3532130915	1620
3532131011	240
3532131030	4160
3532131039	380
3532131150	2620
3532131191	1480
3532131372	3420
3532131402	440
3532131420	6680
3532131482	2580
3532131500	420
3532131580	7640
3532131597	900
3532131682	180
3532131775	2920
3532131807	5080
3532131843	9680
3532131937	360
3532131959	640
3532131963	560
3532131973	860
3532132033	4260
3532132163	440
3532132217	2260
3532132252	320
3532132288	2060
3532132343	4780
3532132377	2240
3532132395	0
3532132528	3900
3532132557	2340
3532132614	1880
3532132750	800
3532132843	4680
3532132930	3520
3532132934	260
3532132938	260
3532132943	560
3532133038	1260
3532133044	2580
3532133066	1400
3532133082	920
3532133189	5260
3532133192	1660
3532133311	2000
3532133548	4040
3532133556	380
3532133578	2040
3532133604	2880
3532133671	15680
3532133791	1240
3532133796	800
3532133832	1880
3532133859	2760
3532133875	4080
3532133894	6620
3532133987	1900
3532133998	2280
3532134179	1980
3532134194	2660
3532134348	1120
3532134403	11240
3532134415	820
3532134449	1860
3532134492	1520
3532134518	2900
3532134528	980
3532134610	1960
3532134646	340
3532134710	2020
3532134876	1220
3532134900	1600
3532134930	6220
3532134959	1600
3532135007	480
3532135137	600
3532135146	1620
3532135199	4060
3532135316	3020
3532135404	1980
3532135483	780
3532135516	960
3532135603	220
3532135632	1020
3532135710	1000
3532135776	9100
3532135778	400
3532135778	1140
3532135832	2840
3532135862	5060
3532135881	1360
3532135902	2060
3532136021	840
3532136039	1640
3532136045	4420
3532136083	2920
3532136095	4680
3532136183	2820
3532136190	2720
3532136200	12160
3532136299	4760
3532136303	1360
3532136423	1340
3532136467	4220
3532136492	200
3532136586	700
3532136661	4420
3532136670	1480
3532136816	700
3532136816	320
3532136921	120
3532136963	1580
3532136987	1400
3532136987	3640
3532137084	4120
3532137116	1160
3532137220	980
3532137277	1900
3532137351	900
3532137379	3420
3532137380	4260
3532137388	1120
3532137493	1340
3532137540	240
3532137599	1840
3532137628	5720
3532137646	1400
3532137648	3320
3532137776	2060
3532137820	8820
3532137831	160
3532137832	1620
3532137896	5980
3532137924	6200
3532138098	80
3532138117	140
3532138151	680
3532138186	1980
3532138248	2680
3532138301	420
3532138338	1320
3532138347	1780
3532138355	2200
3532138369	2860
3532138445	360
3532138484	540
3532138513	4420
3532138527	680
3532138605	420
3532138660	12760
3532138709	1740
3532138811	320
3532138811	2320
3532138820	2820
3532138834	14640
3532138845	920
3532138857	4340
3532138865	2580
3532139026	340
3532139099	600
3532139103	1560
3532139119	3780
3532139211	1360
3532139218	640
3532139285	1440
3532139379	140
3532139391	100
3532139397	4200
3532139554	900
3532139645	980
3532139889	3380
3532139919	880
3532139981	920
3532139996	80
3532140008	980
3532140055	1060
3532140297	1760
3532140350	300
3532140396	380
3532140433	1160
3532140443	1820
3532140454	1760
3532140564	380
3532140582	3400
3532140602	100
3532140607	480
3532140666	4000
3532140701	2120
3532140718	3540
3532140741	3560
3532140766	1060
3532140766	4000
3532140768	1840
3532140768	240
3532140805	3260
3532140870	1780
3532140874	740
3532140874	2740
3532140926	560
3532141020	4820
3532141028	1060
3532141207	1480
3532141217	380
3532141289	600
3532141331	1260
3532141345	860
3532141422	1660
3532141451	540
3532141653	3300
3532141745	1120
3532141846	660
3532142156	660
3532142204	1360
3532142231	1160
3532142233	540
3532142264	3120
3532142289	1200
3532142349	2080
3532142372	1520
3532142401	1220
3532142424	9200
3532142742	1240
3532142746	1080
3532142782	2440
3532142804	6620
3532142886	4860
3532142890	700
3532142933	3260
3532142961	1380
3532143123	3540
3532143126	640
3532143129	640
3532143169	1320
3532143195	4180
3532143292	3340
3532143309	1460
3532143323	4040
3532143385	1260
3532143388	900
3532143441	1960
3532143472	5120
3532143509	300
3532143530	780
3532143595	4980
3532143648	2220
3532143703	1360
3532143710	440
3532143730	4460
3532143738	160
3532143761	400
3532143804	4540
3532144039	1380
3532144102	620
3532144108	960
3532144121	1560
3532144229	4620
3532144300	1560
3532144329	2960
3532144388	1100
3532144420	860
3532144461	5240
3532144559	680
3532144560	1720
3532144571	1120
3532144602	560
3532144620	200
3532144655	2960
3532144655	2840
3532144659	1780
3532144741	3180
3532144794	1320
3532144845	580
3532145112	580
3532145123	4280
3532145216	2980
3532145385	480
3532145408	4840
3532145551	4400
3532145582	360
3532145634	1120
3532145782	1840
3532145787	5900
3532145806	960
3532145823	3720
3532145855	1380
3532146051	460
3532146065	7120
3532146086	500
3532146129	700
3532146149	240
3532146216	880
3532146313	1660
3532146431	260
3532146448	1120
3532146487	1020
3532146551	360
3532146563	1600
3532146604	160
3532146632	1240
3532146648	4280
3532146661	3300
3532146863	2180
3532146894	1160
3532146938	120
3532146999	420
3532147010	900
3532147050	560
3532147107	1160
3532147125	6240
3532147144	1360
3532147158	7960
3532147210	540
3532147211	520
3532147258	1000
3532147259	460
3532147339	1740
3532147375	320
3532147377	100
3532147415	2320
3532147423	9040
3532147495	680
3532147529	340
3532147538	520
3532147563	1940
3532147564	820
3532147770	7300
3532147837	2940
3532147838	680
3532147840	220
3532147881	840
3532147895	1200
3532147948	740
3532147978	600
3532147978	6820
3532148020	1680
3532148047	2240
3532148055	160
3532148088	80
3532148173	840
3532148214	1240
3532148247	1940
3532148321	1860
3532148412	5000
3532148426	120
3532148536	160
3532148560	3080
3532148563	2540
3532148567	4740
3532148572	7200
3532148646	480
3532148665	760
3532148671	2720
3532148727	960
3532148781	1480
3532148809	560
3532148830	400
3532148832	7180
3532148840	5180
3532148866	1180
3532148999	880
3532149008	2640
3532149109	2200
3532149146	12720
3532149233	4380
3532149248	5280
3532149361	1160
3532149446	1620
3532149522	280
3532149527	1540
3532149561	1940
3532149675	4200
3532149720	2100
3532149788	520
3532149827	2640
3532149834	720
3532149879	2840
3532150038	3840
3532150097	2220
3532150132	3760
3532150143	1200
3532150167	1780
3532150170	3940
3532150234	3280
3532150269	520
3532150309	1160
3532150399	2380
3532150423	740
3532150468	680
3532150488	800
3532150545	4800
3532150558	2080
3532150670	700
3532150881	100
3532150968	1300
3532151034	4660
3532151041	2420
3532151175	9620
3532151203	6260
3532151230	240
3532151243	1180
3532151283	1400
3532151391	6080
3532151410	2520
3532151483	440
3532151522	3320
3532151535	200
3532151600	320
3532151622	780
3532151775	3160
3532151982	620
3532152025	6160
3532152080	780
3532152165	2120
3532152390	5000
3532152493	1580
3532152508	1640
3532152512	680
3532152674	5380
3532152681	4940
3532152798	960
3532152808	2660
3532152841	6100
3532152921	320
3532152963	4560
3532152982	660
3532152995	1620
3532153029	2680
3532153122	100
3532153249	140
3532153258	5480
3532153263	5980
3532153330	540
3532153337	2140
3532153355	2380
3532153415	4140
3532153425	200
3532153445	4540
3532153564	900
3532153586	10260
3532153588	1180
3532153638	1680
3532153647	680
3532153737	740
3532153777	920
3532153846	540
3532153861	2600
3532153888	1080
3532153936	2100
3532154051	2440
3532154120	2060
3532154185	3040
3532154208	1680
3532154243	3480
3532154254	1800
3532154296	460
3532154327	700
3532154332	460
3532154337	580
3532154364	1840
3532154369	6560
3532154443	1120
3532154497	200
3532154504	300
3532154583	2340
3532154635	860
3532154653	800
3532154806	120
3532154847	1560
3532154860	2100
3532154897	1960
3532154916	1800
3532154935	2500
3532155084	4780
3532155242	1940
3532155354	1620
3532155360	720
3532155386	340
3532155400	1000
3532155505	5020
3532155608	2720
3532155613	2940
3532155634	820
3532155690	1500
3532155829	1640
3532155907	200
3532155927	2600
3532155951	2020
3532156005	660
3532156084	600
3532156175	3240
3532156217	9940
3532156242	640
3532156259	1620
3532156264	4200
3532156325	1940
3532156445	1960
3532156621	640
3532156630	6420
3532156703	1600
3532156731	1420
3532156891	240
3532156924	1780
3532156957	2120
3532157019	3020
3532157027	1080
3532157082	540
3532157193	2460
3532157442	1960
3532157554	960
3532157599	1360
3532157637	9740
3532157678	540
3532157694	1060
3532157810	180
3532157856	200
3532157878	140
3532157916	520
3532157923	4600
3532157930	2660
3532157959	1560
3532158009	760
3532158034	2500
3532158041	220
3532158126	1640
3532158127	3360
3532158193	2060
3532158233	7980
3532158239	480
3532158258	2340
3532158272	3700
3532158437	1260
3532158480	6220
3532158523	3200
3532158614	10300
3532158682	200
3532158708	440
3532158762	1100
3532158770	2120
3532158823	2080
3532158854	2320
3532158886	200
3532158905	1320
3532158952	1520
3532159018	1340
3532159058	11980
3532159224	1040
3532159415	1220
3532159485	2400
3532159499	220
3532159517	260
3532159590	380
3532159620	1320
3532159748	120
3532159749	440
3532159801	1540
3532159820	1200
3532159834	880
3532159918	9160
3532159925	1100
3532159975	840
3532159978	1500
3532159990	980
3532160027	2540
3532160030	480
3532160043	1040
3532160059	1980
3532160140	1540
3532160220	420
3532160280	3160
3532160366	620
3532160386	14660
3532160464	2580
3532160510	2460
3532160564	1360
3532160588	1740
3532160632	540
3532160633	6540
3532160690	19780
3532160717	600
3532160814	860
3532160893	2520
3532160926	1080
3532160991	1220
3532160993	1140
3532161019	320
3532161118	3840
3532161149	460
3532161165	640
3532161176	5960
3532161205	1360
3532161221	2580
3532161384	2320
3532161416	2700
3532161563	140
3532161602	14980
3532161628	2160
3532161648	9880
3532161721	800
3532161811	8240
3532161843	1160
3532161908	3600
3532161972	3160
3532162021	620
3532162074	2640
3532162087	520
3532162100	920
3532162102	3560
3532162157	2320
3532162164	1420
3532162165	980
3532162173	3340
3532162268	280
3532162292	120
3532162303	1520
3532162396	120
3532162490	1480
3532162589	3060
3532162594	3060
3532162622	4880
3532162686	340
3532162739	800
3532162767	360
3532162893	7420
3532162929	2900
3532162934	2020
3532162951	1540
3532162958	360
3532162963	5480
3532163019	840
3532163038	1600
3532163046	3200
3532163215	2120
3532163275	640
3532163288	2660
3532163298	1180
3532163349	3560
3532163412	260
3532163585	2700
3532163615	280
3532163655	20000
3532163705	1740
3532163710	1140
3532163754	4700
3532163807	1600
3532163853	2820
3532163887	300
3532163902	220
3532163968	4880
3532164209	1320
3532164219	3220
3532164240	1140
3532164266	900
3532164269	2940
3532164275	4140
3532164389	1860
3532164432	300
3532164440	3540
3532164489	360
3532164532	1860
3532164642	5880
3532164691	2720
3532164776	2400
3532164852	880
3532164943	560
3532164958	1760
3532165002	2600
3532165028	9000
3532165037	2980
3532165056	480
3532165085	580
3532165151	1660
3532165232	3260
3532165262	520
3532165273	1100
3532165306	3040
3532165394	2600
3532165514	11120
3532165515	4100
3532165516	6980
3532165562	280
3532165615	8960
3532165693	1240
3532165749	660
3532165796	2460
3532166089	1660
3532166094	2840
3532166155	1440
3532166197	620
3532166206	3120
3532166265	140
3532166364	880
3532166400	2820
3532166502	320
3532166541	4020
3532166551	9060
3532166556	80
3532166568	8560
3532166586	500
3532166642	1600
3532166662	680
3532166691	1000
3532166788	1660
3532166807	1240
3532166863	8000
3532166931	2080
3532166953	1060
3532166983	4020
3532166986	1800
3532166986	260
3532166990	7580
3532167025	3180
3532167033	1480
3532167033	2120
3532167226	1560
3532167417	1680
3532167484	2100
3532167642	2680
3532167702	2360
3532167717	2560
3532167747	3000
3532167796	10800
3532167827	620
3532167834	620
3532167860	1000
3532167955	1900
3532167996	1520
3532168101	180
3532168103	280
3532168122	1740
3532168164	880
3532168314	5520
3532168395	400
3532168489	2780
3532168565	5040
3532168654	3400
3532168750	1100
3532168777	260
3532168795	3700
3532169021	1020
3532169123	1440
3532169130	4040
3532169180	240
3532169214	1600
3532169282	5300
3532169412	1720
3532169418	1940
3532169453	540
3532169474	280
3532169629	1360
3532169845	3900
3532169915	640
3532169955	300
3532169975	2380
3532170255	600
3532170414	320
3532170431	6920
3532170672	1040
3532170796	380
3532170825	4000
3532170863	6040
3532170916	5340
3532170921	520
3532170954	820
3532171065	3860
3532171148	1200
3532171198	2780
3532171386	4400
3532171432	5280
3532171523	2460
3532171710	520
3532171710	1140
3532171722	1620
3532171732	260
3532171949	840
3532171955	420
3532172029	7200
3532172087	5440
3532172170	3840
3532172248	4000
3532172288	2200
3532172401	1560
3532172407	1200
3532172505	1280
3532172508	2320
3532172606	1080
3532172678	5040
3532172680	840
3532172733	1000
3532172751	2580
3532172763	1720
3532172809	2560
3532172915	240
3532173023	6060
3532173071	4120
3532173243	1780
3532173271	1880
3532173293	3160
3532173314	4160
3532173391	4120
3532173432	4380
3532173609	960
3532173776	8000
3532173882	1080
3532173946	80
3532173963	4880
3532173964	1560
3532174273	1480
3532174332	2300
3532174385	1840
3532174461	600
3532174551	1700
3532174552	2640
3532174606	1400
3532174612	1700
3532174633	440
3532174722	220
3532174765	1620
3532174802	840
3532174810	1560
3532174857	280
3532174888	860
3532175062	3720
3532175151	3560
3532175159	1700
3532175188	120
3532175227	140
3532175239	400
3532175269	4640
3532175316	7580
3532175319	2860
3532175343	2580
3532175353	460
3532175360	700
3532175384	2840
3532175393	1220
3532175417	420
3532175430	140
3532175471	1260
3532175497	8040
3532175510	7860
3532175753	1120
3532175821	1380
3532175821	4960
3532175867	1500
3532175979	2580
3532176073	2580
3532176165	8080
3532176169	320
3532176222	3780
3532176229	860
3532176312	1120
3532176550	280
3532176613	320
3532176685	4600
3532176707	480
3532176848	4600
3532176905	1060
3532176974	320
3532176975	1260
3532176984	4580
3532177028	5900
3532177073	3300
3532177095	4260
3532177134	540
3532177416	1480
3532177464	5200
3532177467	240
3532177469	1180
3532177488	2420
3532177516	660
3532177518	940
3532177541	3980
3532177565	2780
3532177583	1600
3532177686	1020
3532177831	1600
3532177856	180
3532177950	140
3532177968	2380
3532177978	180
3532178027	620
3532178166	2460
3532178247	2280
3532178279	3180
3532178298	4560
3532178338	1840
3532178358	420
3532178432	18320
3532178450	1620
3532178613	1460
3532178681	3200
3532178978	14460
3532179009	4300
3532179019	1700
3532179111	1760
3532179162	3540
3532179178	360
3532179192	740
3532179280	2460
3532179355	400
3532179440	4620
3532179591	1700
3532179666	420
3532179700	6720
3532179736	1420
3532179775	1220
3532179835	1400
3532179854	200
3532179928	2300
3532179957	840
3532180189	700
3532180274	2780
3532180289	2240
3532180307	5520
3532180323	1620
3532180445	1440
3532180449	6580
3532180479	860
3532180504	260
3532180632	2340
3532180645	2120
3532180660	6040
3532180735	8460
3532180765	820
3532180777	1540
3532180933	9380
3532181005	300
3532181021	300
3532181027	3860
3532181082	3700
3532181092	4640
3532181420	2300
3532181453	2720
3532181492	1180
3532181509	1480
3532181595	3900
3532181628	1020
3532181659	940
3532181725	140
3532181758	2500
3532181799	2600
3532181813	1700
3532181813	1400
3532181826	340
3532181850	1040
3532181870	320
3532181871	2400
3532181905	540
3532181996	1800
3532182209	8600
3532182269	3540
3532182292	6620
3532182336	1760
3532182500	1920
3532182563	440
3532182599	10800
3532182612	580
3532182640	2760
3532182687	1240
3532182689	1680
3532182797	7560
3532182800	1980
3532182817	1000
3532182825	1840
3532182836	1860
3532182842	3440
3532182892	2020
3532182919	1940
3532182952	520
3532182965	1920
3532183140	3100
3532183152	1220
3532183181	740
3532183212	120
3532183290	3220
3532183315	520
3532183349	320
3532183353	100
3532183406	320
3532183435	1220
3532183476	340
3532183530	1040
3532183579	5200
3532183787	240
3532183811	3440
3532183921	400
3532183980	400
3532184004	540
3532184042	5000
3532184044	3660
3532184086	1620
3532184092	160
3532184106	2160
3532184114	3340
3532184227	1800
3532184238	160
3532184290	1360
3532184348	3420
3532184400	4440
3532184435	1440
3532184539	4740
3532184667	360
3532184674	3820
3532184850	2880
3532184888	6960
3532184908	500
3532184961	1680
3532184968	1460
3532184970	2080
3532185087	4000
3532185114	320
3532185120	3240
3532185169	540
3532185230	220
3532185241	1080
3532185305	6920
3532185312	620
3532185348	440
3532185432	1080
3532185479	960
3532185514	1840
3532185542	140
3532185544	1980
3532185583	2620
3532185617	2480
3532185699	1620
3532185849	9260
3532185954	1500
3532185982	460
3532186044	3040
3532186072	3920
3532186078	620
3532186117	4020
3532186219	6620
3532186250	900
3532186277	2040
3532186692	2040
3532186741	1080
3532186871	1680
3532186884	500
3532186914	740
3532186989	2540
3532187001	260
3532187018	140
3532187130	1320
3532187258	1220
3532187328	360
3532187354	2080
3532187392	5160
3532187435	1680
3532187447	1940
3532187467	800
3532187539	540
3532187572	360
3532187593	600
3532187799	3480
3532187894	1760
3532187946	740
3532188011	2580
3532188097	740
3532188108	1200
3532188145	5280
3532188147	6620
3532188158	4860
3532188237	3600
3532188280	960
3532188382	580
3532188425	200
3532188455	760
3532188469	7100
3532188483	9240
3532188608	2480
3532188654	5940
3532188669	960
3532188679	1460
3532188687	140
3532188749	380
3532188806	940
3532188927	9560
3532188940	1240
3532189037	1020
3532189039	3080
3532189048	2720
3532189235	3220
3532189259	560
3532189291	4640
3532189347	4980
3532189414	1600
3532189423	5580
3532189467	2900
3532189518	380
3532189572	5180
3532189591	3480
3532189679	1000
3532189711	860
3532189732	1340
3532189755	860
3532189815	220
3532189985	1760
3532190117	600
3532190165	3640
3532190173	14080
3532190187	880
3532190213	360
3532190227	700
3532190373	2680
3532190390	2360
3532190428	1100
3532190466	1400
3532190513	1840
3532190663	260
3532190666	7520
3532190702	3020
3532190777	3160
3532190784	460
3532190808	9940
3532190988	180
3532191005	3260
3532191029	580
3532191068	800
3532191083	620
3532191193	1520
3532191214	1560
3532191350	2280
3532191379	1960
3532191388	620
3532191411	80
3532191425	1860
3532191426	1040
3532191428	1040
3532191520	480
3532191572	680
3532191588	1560
3532191641	2820
3532191774	3480
3532191787	1040
3532191787	1400
3532191801	380
3532191802	440
3532191815	620
3532191817	2260
3532191840	360
3532191847	5440
3532191880	4260
3532191905	380
3532191938	320
3532191944	5740
3532191948	340
3532191954	4180
3532192031	2120
3532192095	5780
3532192136	2260
3532192156	880
3532192185	3220
3532192264	2840
3532192362	3480
3532192426	9540
3532192441	6800
3532192476	260
3532192490	5020
3532192519	600
3532192523	1800
3532192530	2880
3532192531	8040
3532192607	580
3532192663	240
3532192710	5520
3532192771	1000
3532192808	160
3532192833	1160
3532192962	2380
3532192993	8620
3532193000	1680
3532193129	1280
3532193247	320
3532193249	700
3532193266	160
3532193302	120
3532193436	940
3532193471	2140
3532193474	520
3532193487	740
3532193504	560
3532193527	4780
3532193541	2080
3532193559	1160
3532193572	1080
3532193706	5420
3532193819	1040
3532193966	4280
3532194000	1640
3532194292	4140
3532194355	1760
3532194444	320
3532194482	3340
3532194646	460
3532194709	2460
3532194770	2940
3532194779	1140
3532194798	6440
3532194841	300
3532194871	1900
3532194893	2300
3532194905	960
3532194963	3300
3532195049	7200
3532195091	2820
3532195230	1840
3532195294	1000
3532195319	3480
3532195328	1160
3532195348	2660
3532195365	4720
3532195421	240
3532195463	7240
3532195517	300
3532195593	280
3532195609	3840
3532195652	5460
3532195725	1000
3532195725	1540
3532195751	80
3532195804	1500
3532195867	700
3532195868	1500
3532195870	11060
3532195878	1140
3532195945	140
3532195968	340
3532196041	3600
3532196054	700
3532196065	1560
3532196075	220
3532196081	360
3532196126	3260
3532196212	780
3532196227	3580
3532196249	1800
3532196409	2380
3532196453	2180
3532196503	1100
3532196504	2860
3532196604	4740
3532196640	1980
3532196643	720
3532196692	440
3532196766	180
3532196772	840
3532196782	1180
3532196798	1080
3532196807	640
3532196848	2800
3532196903	2960
3532196908	980
3532196995	5460
3532197014	1800
3532197050	1680
3532197158	2600
3532197193	2060
3532197209	3920
3532197296	1140
3532197306	820
3532197362	1680
3532197373	5140
3532197385	2420
3532197402	480
3532197433	3620
3532197435	1000
3532197474	7900
3532197516	1020
3532197772	1640
3532197861	640
3532197872	160
3532197890	2180
3532197991	1280
3532198166	1520
3532198179	1820
3532198218	1340
3532198225	4300
3532198270	11560
3532198273	1280
3532198369	640
3532198468	10160
3532198503	2240
3532198524	1320
3532198594	1820
3532198609	7600
3532198616	2440
3532198767	1700
3532198859	7640
3532198956	1500
3532199167	1360
3532199197	2600
3532199198	1820
3532199269	5060
3532199321	3900
3532199370	8900
3532199388	2320
3532199429	1320
3532199475	4660
3532199498	480
3532199507	7860
3532199537	7920
3532199547	5120
3532199580	1900
3532199596	200
3532199645	2100
3532199678	2400
3532199705	7240
3532199717	200
3532199726	1060
3532199870	1860
3532199880	2780
3532199905	4360
3532199905	11360
3532200020	7920
3532200061	3180
3532200067	800
3532200111	2160
3532200140	220
3532200152	2380
3532200182	600
3532200208	380
3532200249	3340
3532200317	2580
3532200366	4020
3532200379	780
3532200410	1480
3532200454	5380
3532200471	2200
3532200489	340
3532200547	280
3532200550	660
3532200611	540
3532200628	920
3532200679	1420
3532200728	3120
3532200771	480
3532200778	1740
3532200831	2460
3532200875	1080
3532200977	360
3532201016	740
3532201033	1660
3532201035	1800
3532201040	2360
3532201075	460
3532201142	2960
3532201143	1880
3532201218	2120
3532201287	740
3532201451	660
3532201467	9200
3532201494	1160
3532201500	2980
3532201669	1360
3532201674	6500
3532201730	4900
3532201861	520
3532201903	3060
3532201915	3180
3532201946	1620
3532202040	320
3532202049	3980
3532202088	360
3532202098	2720
3532202146	2520
3532202146	280
3532202219	1180
3532202269	1000
3532202297	820
3532202302	7220
3532202329	260
3532202476	1740
3532202495	4760
3532202565	2220
3532202646	220
3532202668	2040
3532202681	440
3532202701	1780
3532202717	940
3532202722	3700
3532202825	2360
3532203056	1620
3532203079	2380
3532203219	560
3532203239	5660
3532203253	5280
3532203274	2400
3532203327	1980
3532203348	660
3532203499	500
3532203518	840
3532203527	5800
3532203567	2580
3532203583	7860
3532203654	460
3532203674	500
3532203852	7220
3532203891	1140
3532203951	980
3532203979	1320
3532204010	3180
3532204020	3020
3532204181	3620
3532204264	120
3532204358	2360
3532204369	1100
3532204468	920
3532204478	16400
3532204540	1620
3532204574	5300
3532204731	520
3532204797	5180
3532204914	140
3532205017	100
3532205056	1080
3532205100	2220
3532205104	1340
3532205143	3040
3532205159	880
3532205329	1700
3532205344	1820
3532205421	1920
3532205563	1760
3532205576	3260
3532205616	4920
3532205635	1600
3532205639	2540
3532205670	660
3532205678	380
3532205770	380
3532205794	2640
3532205816	660
3532205922	6520
3532205949	360
3532206059	3940
3532206077	1260
3532206166	13700
3532206184	2640
3532206185	380
3532206204	4360
3532206245	940
3532206292	2860
3532206488	240
3532206492	1240
3532206505	13320
3532206539	2300
3532206581	4420
3532206631	1180
3532206645	8340
3532206745	280
3532206825	700
3532206904	3240
3532206926	12440
3532207064	1980
3532207071	5700
3532207315	780
3532207407	340
3532207539	1060
3532207643	1500
3532207657	1280
3532207761	4080
3532207776	4900
3532207789	1780
3532207847	9880
3532207858	1940
3532207940	260
3532208052	640
3532208079	760
3532208165	1900
3532208177	1320
3532208240	2800
3532208251	6320
3532208264	3520
3532208270	2600
3532208634	5760
3532208705	680
3532208734	640
3532208836	3200
3532208874	880
3532208939	820
3532208939	100
3532208956	3160
3532208961	2020
3532208981	4980
3532209141	820
3532209168	3840
3532209243	8460
3532209288	3380
3532209314	1440
3532209317	800
3532209327	2180
3532209336	4100
3532209376	2440
3532209536	920
3532209539	2900
3532209668	200
3532209735	3960
3532209735	860
3532209744	2700
3532209756	200
3532209768	1540
3532209768	60
3532209881	220
3532209979	820
3532210021	1660
3532210129	3480
3532210170	540
3532210260	1740
3532210413	4940
3532210568	1340
3532210606	2680
3532210807	1460
3532210844	820
3532210864	820
3532210948	9200
3532210976	280
3532211002	820
3532211010	920
3532211084	5120
3532211136	3440
3532211153	460
3532211165	440
3532211251	280
3532211391	1480
3532211396	560
3532211412	2340
3532211439	1340
3532211463	2700
3532211522	220
3532211612	580
3532211669	1120
3532211671	3040
3532211698	1100
3532211786	2260
3532211821	500
3532211946	1700
3532211953	340
3532211963	7020
3532211967	420
3532211978	940
3532211983	820
3532212112	540
3532212160	2380
3532212170	2580
3532212211	4000
3532212267	280
3532212274	540
3532212295	2760
3532212321	5480
3532212361	100
3532212436	120
3532212458	220
3532212475	800
3532212514	3580
3532212524	1740
3532212589	6600
3532212734	3460
3532212741	580
3532212906	1560
3532212925	460
3532213013	4380
3532213028	2300
3532213082	700
3532213249	700
3532213261	2580
3532213267	1200
3532213313	1520
3532213333	17280
3532213349	860
3532213354	80
3532213432	2720
3532213442	2180
3532213467	500
3532213495	1900
3532213504	15880
3532213538	400
3532213556	680
3532213640	280
3532213665	320
3532213686	3200
3532213704	3620
3532213710	2760
3532213786	4200
3532213819	4200
3532213842	680
3532213904	780
3532213915	240
3532213947	5720
3532213954	1080
3532214003	480
3532214030	3680
3532214153	2300
3532214226	16700
3532214227	1640
3532214390	5880
3532214402	1560
3532214485	1040
3532214543	580
3532214621	4940
3532214631	240
3532214669	8780
3532214690	260
3532214779	1500
3532214781	880
3532214840	620
3532214857	1020
3532214883	740
3532215131	3820
3532215291	1320
3532215331	900
3532215352	4420
3532215369	3580
3532215463	1260
3532215595	3760
3532215758	920
3532215974	800
3532216064	360
3532216207	3520
3532216236	2020
3532216265	780
3532216291	8860
3532216374	900
3532216437	2280
3532216451	3340
3532216538	3700
3532216590	240
3532216613	180
3532216652	380
3532216714	5200
3532216770	2560
3532216884	2540
3532216913	980
3532217020	480
3532217042	1720
3532217092	2540
3532217120	6780
3532217128	2760
3532217180	760
3532217259	560
3532217260	3680
3532217261	1440
3532217331	1700
3532217428	2060
3532217570	600
3532217650	520
3532217695	4240
3532217768	1820
3532217828	3420
3532217853	980
3532217962	320
3532218107	4780
3532218151	880
3532218177	1380
3532218226	120
3532218290	1440
3532218315	820
3532218368	740
3532218376	3260
3532218479	2760
3532218485	1180
3532218609	160
3532218635	8400
3532218643	460
3532218666	2340
3532218689	1800
3532218729	920
3532218731	1560
3532218894	4000
3532218915	4420
3532218961	2160
3532218973	1820
3532219049	1260
3532219143	1500
3532219153	600
3532219162	1080
3532219171	1220
3532219241	1100
3532219286	440
3532219288	2420
3532219351	80
3532219370	4460
3532219476	120
3532219501	1060
3532219526	2160
3532219600	280
3532219645	580
3532219731	360
3532219785	1720
3532219840	340
3532219893	1020
3532219934	1240
3532219938	1640
3532220022	380
3532220026	680
3532220040	780
3532220073	660
3532220081	460
3532220126	120
3532220185	1000
3532220198	6180
3532220323	360
3532220389	2660
3532220414	4640
3532220422	1240
3532220551	700
3532220589	6420
3532220606	1740
3532220622	200
3532220627	1620
3532220720	2580
3532220822	5740
3532220838	2400
3532220858	2820
3532220885	1180
3532220905	6460
3532220957	7980
3532221026	4160
3532221029	2240
3532221047	180
3532221078	560
3532221199	3620
3532221226	1080
3532221245	760
3532221407	5340
3532221496	2100
3532221497	1840
3532221554	1660
3532221558	3880
3532221689	160
3532221691	1360
3532221752	3000
3532221764	4040
3532221857	2480
3532221902	1860
3532221938	2580
3532222037	1980
3532222039	1060
3532222055	960
3532222135	1860
3532222145	700
3532222175	18700
3532222187	420
3532222190	3900
3532222305	680
3532222311	1240
3532222329	5840
3532222362	2640
3532222370	580
3532222385	500
3532222426	1880
3532222432	520
3532222499	380
3532222510	3560
3532222513	740
3532222513	2920
3532222522	940
3532222545	820
3532222548	1320
3532222566	520
3532222694	3840
3532222718	1100
3532222916	520
3532222936	1040
3532222948	3980
3532222951	2780
3532222956	500
3532222987	1080
3532223037	1440
3532223191	1200
3532223211	120
3532223216	1280
3532223244	340
3532223295	4260
3532223314	780
3532223323	4340
3532223347	680
3532223348	1680
3532223375	780
3532223383	300
3532223417	780
3532223459	1700
3532223539	1380
3532223540	2060
3532223579	240
3532223586	1660
3532223626	10180
3532223655	2040
3532223660	3520
3532223688	2040
3532223710	140
3532223736	1920
3532223759	100
3532223810	1820
3532223826	4760
3532223892	1040
3532223946	5000
3532223956	860
3532224085	1660
3532224182	1740
3532224190	8140
3532224205	2000
3532224258	3260
3532224304	1960
3532224424	3640
3532224473	14900
3532224518	5400
3532224579	2060
3532224586	4640
3532224589	400
3532224651	260
3532224665	620
3532224670	2780
3532224705	1820
3532224722	1040
3532224770	2100
3532224774	3880
3532224954	1460
3532225015	400
3532225040	1820
3532225077	260
3532225091	9380
3532225115	1660
3532225118	2320
3532225126	400
3532225184	2340
3532225237	660
3532225271	180
3532225290	540
3532225305	6360
3532225352	340
3532225360	1320
3532225552	1200
3532225584	800
3532225593	3820
3532225609	7680
3532225663	700
3532225710	1640
3532225768	980
3532225913	4280
3532225914	3100
3532225955	980
3532226068	900
3532226090	880
3532226120	2100
3532226145	4500
3532226315	4160
3532226325	580
3532226327	2920
3532226380	4860
3532226391	1360
3532226423	2720
3532226445	620
3532226452	1200
3532226512	4280
3532226521	6940
3532226574	2120
3532226703	500
3532226711	4040
3532226726	260
3532226771	420
3532226822	1620
3532226840	100
3532226882	2020
3532226934	840
3532226961	3220
3532227099	2120
3532227165	2140
3532227196	1820
3532227196	11040
3532227220	2440
3532227302	1260
3532227400	3560
3532227402	700
3532227422	2700
3532227583	1500
3532227586	500
3532227596	3340
3532227608	4020
3532227676	520
3532227691	1460
3532227821	1280
3532227900	1200
3532227928	460
3532227944	880
3532227947	1180
3532228006	780
3532228087	500
3532228142	3240
3532228243	120
3532228286	2920
3532228435	8340
3532228479	1060
3532228491	800
3532228496	840
3532228497	5320
3532228500	360
3532228510	420
3532228583	1920
3532228634	4600
3532228646	1760
3532228684	980
3532228788	880
3532228913	260
3532228968	340
3532229055	5520
3532229070	140
3532229141	2500
3532229259	1040
3532229371	3520
3532229391	3260
3532229580	640
3532229603	100
3532229623	3780
3532229640	240
3532229676	3440
3532229849	380
3532229905	6260
3532229918	18980
3532229927	1580
3532229947	120
3532230042	520
3532230078	860
3532230118	1420
3532230161	820
3532230187	1180
3532230191	5340
3532230201	680
3532230260	1960
3532230273	200
3532230275	400
3532230278	900
3532230324	380
3532230338	700
3532230399	280
3532230422	2120
3532230769	900
3532230870	1960
3532230895	6200
3532230924	2000
3532230928	2500
3532230975	340
3532231020	640
3532231051	760
3532231056	8900
3532231066	1680
3532231167	1760
3532231200	3080
3532231222	140
3532231326	2140
3532231341	7160
3532231376	2540
3532231441	3340
3532231448	4160
3532231483	3420
3532231552	3340
3532231613	4320
3532231628	860
3532231635	640
3532231670	1500
3532231676	1140
3532231717	980
3532231727	4380
3532231851	1180
3532231854	10500
3532231888	940
3532231995	280
3532232021	2820
3532232066	1640
3532232101	4160
3532232147	8220
3532232221	5860
3532232242	280
3532232273	1120
3532232279	1140
3532232335	11600
3532232410	900
3532232419	1420
3532232425	3160
3532232530	1220
3532232562	380
3532232586	2120
3532232652	4740
3532232698	1520
3532232780	1060
3532232877	1800
3532232879	1040
3532232968	880
3532233026	200
3532233075	460
3532233080	260
3532233092	720
3532233128	2840
3532233154	960
3532233235	4220
3532233244	1280
3532233258	960
3532233280	4860
3532233341	3580
3532233418	600
3532233566	1060
3532233570	1660
3532233578	680
3532233648	560
3532233653	1060
3532233679	3460
3532233693	460
3532233776	2820
3532233832	160
3532233853	2960
3532234015	780
3532234065	940
3532234082	360
3532234181	760
3532234216	6520
3532234227	3500
3532234227	1600
3532234294	180
3532234398	460
3532234534	4740
3532234534	2800
3532234609	140
3532234645	5980
3532234767	440
3532234783	2040
3532234801	900
3532235016	3740
3532235055	1700
3532235120	1460
3532235151	1660
3532235199	6780
3532235233	4520
3532235281	6180
3532235300	760
3532235320	10720
3532235367	260
3532235431	3980
3532235439	3440
3532235495	1640
3532235539	500
3532235595	220
3532235616	1740
3532235622	520
3532235791	9000
3532235845	480
3532235934	380
3532236004	2720
3532236063	220
3532236093	2680
3532236280	7800
3532236341	8640
3532236388	1700
3532236456	2080
3532236506	700
3532236544	120
3532236591	320
3532236602	1860
3532236672	260
3532236675	360
3532236700	1020
3532236707	3440
3532236826	6840
3532236863	680
3532236958	600
3532236976	3080
3532237046	2600
3532237074	940
3532237117	3240
3532237160	640
3532237335	200
3532237384	2120
3532237463	5420
3532237467	7860
3532237500	140
3532237500	2260
3532237644	720
3532237689	4860
3532237697	3040
3532237701	280
3532237702	360
3532237710	3040
3532237719	480
3532237780	1960
3532237918	3380
3532237977	1340
3532237989	3360
3532238008	2100
3532238103	1540
3532238120	2920
3532238158	280
3532238208	1440
3532238233	1200
3532238334	680
3532238571	3920
3532238588	2640
3532238620	2960
3532238656	220
3532238663	5480
3532238691	720
3532238732	860
3532238736	1500
3532238784	7280
3532238786	180
3532238818	1120
3532238862	1080
3532238952	440
3532239087	280
3532239219	19080
3532239238	1880
3532239282	1780
3532239504	1320
3532239576	4640
3532239611	2820
3532239697	800
3532239740	440
3532239742	1660
3532239820	240
3532239823	2900
3532239833	1080
3532239888	2720
3532239927	2040
3532239958	4180
3532239979	1660
3532240062	920
3532240115	4500
3532240123	680
3532240241	1240
3532240264	1860
3532240319	420
3532240379	8100
3532240393	660
3532240396	1900
3532240414	8960
3532240424	780
3532240487	1860
3532240607	680
3532240707	5460
3532240815	1720
3532240815	1700
3532240828	2680
3532240834	280
3532240924	5160
3532240941	400
3532240959	14580
3532240982	840
3532241086	1180
3532241156	5300
3532241187	440
3532241328	1060
3532241376	920
3532241456	3840
3532241557	960
3532241606	800
3532241644	1760
3532241665	6200
3532241863	1680
3532242017	2680
3532242140	1380
3532242143	2620
3532242207	4000
3532242264	6840
3532242359	1240
3532242372	6740
3532242379	1040
3532242647	160
3532242670	360
3532242717	2680
3532242969	140
3532243047	840
3532243130	400
3532243134	1120
3532243207	1020
3532243234	2360
3532243273	1540
3532243493	5760
3532243515	2280
3532243528	4160
3532243531	1080
3532243634	500
3532243643	1380
3532243652	100
3532243661	5680
3532243721	800
3532243769	2220
3532243819	1120
3532243831	2580
3532243884	2100
3532243902	2040
3532243937	1140
3532243998	440
3532244005	220
3532244028	6280
3532244048	1460
3532244190	3820
3532244284	880
3532244328	2400
3532244338	3540
3532244377	3140
3532244407	1020
3532244498	760
3532244568	2700
3532244638	1380
3532244666	3160
3532244716	1340
3532244799	3720
3532244857	5600
3532244967	260
3532244994	3200
3532245020	900
3532245050	260
3532245074	3380
3532245164	7840
3532245187	1440
3532245196	18580
3532245201	3600
3532245211	1500
3532245254	820
3532245301	1160
3532245330	480
3532245333	220
3532245377	2460
3532245503	2740
3532245580	7280
3532245619	4360
3532245645	2320
3532245665	1340
3532245796	4220
3532245839	1520
3532245984	7860
3532245990	800
3532246020	860
3532246100	1540
3532246104	5500
3532246111	520
3532246296	900
3532246315	2320
3532246329	640
3532246510	5920
3532246612	3180
3532246616	1320
3532246635	5740
3532246680	2960
3532246704	1680
3532246709	5480
3532246790	220
3532246906	480
3532246925	1300
3532247029	3620
3532247037	3200
3532247076	940
3532247134	1560
3532247174	2860
3532247192	5120
3532247233	5340
3532247296	100
3532247371	6800
3532247399	1420
3532247405	400
3532247484	1160
3532247568	3880
3532247596	180
3532247610	3300
3532247714	3380
3532247750	1440
3532247768	7060
3532247786	860
3532247799	2660
3532247864	11020
3532247923	1540
3532247930	4720
3532247960	400
3532248073	1680
3532248182	840
3532248277	880
3532248370	1800
3532248388	2740
3532248404	100
3532248431	1260
3532248475	960
3532248513	4320
3532248565	1220
3532248593	2620
3532248632	720
3532248634	2580
3532248647	1660
3532248651	1100
3532248666	3880
3532248711	19920
3532248712	2960
3532248777	1900
3532248811	280
3532248818	960
3532248930	240
3532248978	2860
3532249066	1040
3532249187	1740
3532249229	1300
3532249260	4960
3532249263	900
3532249269	15160
3532249304	2760
3532249487	880
3532249496	3840
3532249534	2280
3532249550	2640
3532249638	980
3532249714	940
3532249752	3840
3532249837	5300
3532250041	400
3532250080	3380
3532250082	2740
3532250112	480
3532250238	5340
3532250242	800
3532250454	880
3532250559	8000
3532250663	1480
3532250672	160
3532250680	1640
3532250680	1800
3532250708	1160
3532250809	2920
3532250870	2960
3532250928	400
3532251039	1480
3532251159	900
3532251199	9000
3532251230	4220
3532251339	260
3532251367	1380
3532251372	2020
3532251381	980
3532251446	1580
3532251464	1120
3532251466	300
3532251503	960
3532251525	2320
3532251526	700
3532251561	1020
3532251736	1140
3532251816	1780
3532251835	540
3532251838	2220
3532251838	1700
3532251861	580
3532251865	6040
3532251882	660
3532251886	2220
3532251953	1240
3532252010	1740
3532252113	980
3532252124	2400
3532252129	2160
3532252130	180
3532252130	440
3532252244	1820
3532252275	140
3532252283	2820
3532252363	3400
3532252369	2140
3532252448	140
3532252515	1820
3532252552	2840
3532252615	160
3532252637	4820
3532252654	980
3532252748	7760
3532252752	300
3532252807	240
3532252858	180
3532252916	200
3532253007	820
3532253060	1220
3532253073	2520
3532253228	2200
3532253263	2940
3532253331	280
3532253379	3440
3532253384	900
3532253403	100
3532253415	280
3532253456	1400
3532253560	9180
3532253575	3820
3532253598	1140
3532253620	2200
3532253645	960
3532253684	3860
3532253718	2320
3532253726	620
3532253896	4300
3532253931	6840
3532253933	3540
3532254007	1020
3532254202	4140
3532254235	7660
3532254254	3660
3532254332	240
3532254380	2000
3532254398	7280
3532254398	4340
3532254434	1760
3532254563	3600
3532254633	420
3532254855	5240
3532254856	240
3532254868	1880
3532254899	500
3532254900	1500
3532254934	740
3532255055	2060
3532255077	440
3532255101	4940
3532255172	2720
3532255315	420
3532255328	120
3532255362	340
3532255363	640
3532255386	860
3532255387	1420
3532255388	260
3532255434	3180
3532255480	5520
3532255564	5480
3532255596	400
3532255642	120
3532255678	5720
3532255723	1040
3532255780	3860
3532255807	5200
3532255861	380
3532255871	1820
3532255914	100
3532255955	1480
3532256065	3520
3532256090	2160
3532256123	1940
3532256187	1700
3532256223	2860
3532256396	240
3532256430	1080
3532256458	4260
3532256462	380
3532256626	320
3532256667	1780
3532256710	440
3532256763	5460
3532256849	600
3532256877	1440
3532256964	1660
3532257042	1580
3532257087	1500
3532257165	4820
3532257226	1840
3532257265	420
3532257311	3520
3532257329	720
3532257421	5060
3532257461	12440
3532257470	900
3532257568	2160
3532257596	2180
3532257678	460
3532257759	6880
3532257796	2580
3532257836	7020
3532257901	980
3532257916	1340
3532257927	2900
3532257962	220
3532258045	3520
3532258147	880
3532258148	1500
3532258304	1400
3532258324	1900
3532258335	480
3532258376	4360
3532258387	440
3532258446	840
3532258490	180
3532258499	540
3532258511	2100
3532258513	7560
3532258575	200
3532258584	360
3532258598	1760
3532258602	1900
3532258602	140
3532258666	4140
3532258677	520
3532258698	1220
3532258777	3320
3532258804	600
3532258814	1700
3532258903	2220
3532258972	7160
3532258992	780
3532259000	4360
3532259031	2840
3532259142	620
3532259183	1900
3532259274	1740
3532259286	4820
3532259299	12740
3532259311	600
3532259344	480
3532259351	660
3532259357	1920
3532259368	4880
3532259379	580
3532259385	1500
3532259402	14360
3532259450	4460
3532259462	2240
3532259492	4080
3532259506	500
3532259517	4700
3532259521	2760
3532259660	6200
3532259669	4240
3532259963	1320
3532259989	340
3532260003	1800
3532260043	960
3532260110	360
3532260175	2380
3532260202	1040
3532260310	840
3532260412	2900
3532260516	1720
3532260533	260
3532260665	700
3532260684	1240
3532260690	2620
3532260694	1080
3532260700	1480
3532260733	1520
3532260740	7800
3532260800	360
3532260872	940
3532260890	2180
3532260958	1260
3532260974	2140
3532260998	2640
3532261107	440
3532261288	980
3532261304	980
3532261338	5300
3532261351	13880
3532261389	1040
3532261401	2520
3532261402	1200
3532261422	1240
3532261556	1180
3532261845	13840
3532261851	1340
3532261854	740
3532261856	1700
3532261870	5820
3532261885	1400
3532261919	1640
3532261957	6780
3532261981	1900
3532261994	1480
3532262046	820
3532262107	480
3532262135	5440
3532262187	5900
3532262244	2100
3532262368	760
3532262471	3960
3532262471	540
3532262491	4520
3532262588	1840
3532262721	800
3532262723	540
3532262741	600
3532262764	2980
3532262795	4000
3532262819	700
3532262958	1540
3532262975	360
3532263010	300
3532263076	1880
3532263087	3480
3532263097	420
3532263117	2060
3532263142	1340
3532263177	720
3532263190	340
3532263221	2900
3532263337	6360
3532263366	2180
3532263396	2500
3532263454	8100
3532263535	1320
3532263572	1260
3532263739	1300
3532263765	1740
3532263776	5880
3532263796	220
3532263969	5680
3532263969	8720
3532264019	2140
3532264031	380
3532264083	140
3532264097	4460
3532264135	560
3532264138	3260
3532264180	3480
3532264193	680
3532264200	820
3532264284	4720
3532264316	320
3532264389	1540
3532264512	280
3532264515	1060
3532264706	920
3532264742	1120
3532264782	1320
3532264799	1260
3532264870	320
3532264956	1200
3532264982	580
3532265008	4560
3532265019	200
3532265124	1980
3532265127	140
3532265137	980
3532265188	2720
3532265311	980
3532265353	440
3532265377	1280
3532265382	480
3532265423	4960
3532265427	80
3532265464	2540
3532265482	1000
3532265525	120
3532265579	420
3532265678	740
3532265700	360
3532265848	3720
3532265892	2320
3532265939	1860
3532265939	320
3532266015	4540
3532266019	2900
3532266096	1640
3532266113	1140
3532266149	8360
3532266170	1980
3532266210	0
3532266450	1020
3532266451	4680
3532266474	2140
3532266514	400
3532266535	4340
3532266581	5000
3532266735	7780
3532266810	1120
3532266842	2060
3532266925	1380
3532266944	1400
3532266945	840
3532266982	340
3532266982	3060
3532266984	1200
3532267055	1940
3532267128	1880
3532267184	160
3532267255	160
3532267293	6180
3532267313	740
3532267380	3520
3532267413	1240
3532267524	1580
3532267541	220
3532267783	6480
3532267854	1700
3532268001	5860
3532268029	680
3532268127	3340
3532268184	540
3532268193	2120
3532268356	140
3532268423	500
3532268466	3060
3532268469	2500
3532268548	6600
3532268661	580
3532268678	2280
3532268709	980
3532268731	320
3532268747	200
3532268757	4060
3532268779	4760
3532268811	1160
3532268853	1520
3532268998	460
3532269172	980
3532269238	3760
3532269341	6640
3532269353	1600
3532269397	120
3532269551	820
3532269575	640
3532269592	3480
3532269779	820
3532269816	6200
3532269823	8320
3532270000	2520
3532270025	240
3532270058	3800
3532270134	1420
3532270166	4600
3532270193	480
3532270222	220
3532270226	4220
3532270263	3180
3532270311	540
3532270403	600
3532270474	980
3532270499	2440
3532270504	4660
3532270505	2000
3532270528	400
3532270611	8080
3532270619	2960
3532270625	2340
3532270770	2840
3532270782	260
3532270789	200
3532270812	2760
3532270840	180
3532270864	120
3532270904	2320
3532270924	220
3532271008	1280
3532271013	9280
3532271023	4820
3532271183	480
3532271229	3460
3532271231	4840
3532271232	920
3532271275	980
3532271382	3440
3532271464	2400
3532271471	1580
3532271542	1380
3532271560	2120
3532271569	2780
3532271605	1380
3532271625	860
3532271639	2340
3532271656	3080
3532271720	760
3532271767	3980
3532271855	2480
3532271883	1320
3532271912	7400
3532271920	280
3532271940	1040
3532271985	1580
3532272029	3960
3532272092	1640
3532272124	940
3532272219	240
3532272224	1760
3532272251	1140
3532272283	1480
3532272313	2740
3532272355	1040
3532272367	5900
3532272445	1420
3532272488	1820
3532272513	560
3532272611	1560
3532272634	5300
3532272671	5320
3532272680	960
3532272739	4740
3532272804	19840
3532272852	2240
3532272899	2580
3532272907	280
3532272963	2360
3532272964	780
3532273009	2620
3532273167	580
3532273185	1440
3532273200	2260
3532273281	1100
3532273302	6180
3532273330	1040
3532273353	920
3532273377	680
3532273390	2240
3532273524	3860
3532273647	1820
3532273678	3300
3532273765	1220
3532273872	280
3532273912	2020
3532274032	1420
3532274064	560
3532274084	120
3532274096	3500
3532274186	1920
3532274282	1960
3532274489	520
3532274518	4240
3532274539	4600
3532274603	2720
3532274642	4820
3532274731	1060
3532274761	2360
3532274795	520
3532274837	660
3532274865	2900
3532274880	820
3532274962	3000
3532274999	1740
3532275001	760
3532275159	420
3532275170	1140
3532275276	2840
3532275391	1380
3532275483	1960
3532275499	980
3532275509	2120
3532275536	320
3532275557	460
3532275624	6820
3532275649	580
3532275708	240
3532275790	3340
3532275807	5140
3532275873	320
3532275892	1020
3532275930	1780
3532276000	3040
3532276075	9300
3532276163	1560
3532276179	680
3532276313	2320
3532276347	900
3532276376	2200
3532276534	1320
3532276541	2400
3532276595	3760
3532276825	300
3532276850	1020
3532276855	300
3532276955	2460
3532276958	200
3532277006	3100
3532277119	660
3532277133	1540
3532277134	4840
3532277135	1980
3532277183	480
3532277360	3520
3532277395	4560
3532277488	2260
3532277514	580
3532277616	2400
3532277663	700
3532277665	740
3532277724	2680
3532277728	2540
3532277785	4920
3532277864	2340
3532277900	1980
3532277902	680
3532277918	7500
3532277943	5080
3532277987	3960
3532278094	1620
3532278107	900
3532278204	2280
3532278269	2480
3532278310	740
3532278317	1440
3532278335	360
3532278354	1540
3532278401	480
3532278455	1580
3532278494	1240
3532278510	840
3532278628	2140
3532278657	7740
3532278692	1560
3532278697	1700
3532278732	980
3532278754	4360
3532278815	2260
3532278819	2160
3532278824	4540
3532278872	2760
3532278910	420
3532278914	320
3532278928	1840
3532279049	880
3532279109	900
3532279135	680
3532279182	700
3532279214	760
3532279220	1260
3532279276	3800
3532279312	2820
3532279390	400
3532279402	1780
3532279427	1200
3532279451	2020
3532279476	280
3532279556	240
3532279613	3220
3532279638	1940
3532279650	4300
3532279655	2380
3532279701	440
3532279726	1360
3532279752	2500
3532279803	10260
3532279813	800
3532279818	2140
3532279875	11060
3532279882	900
3532279895	380
3532279914	5160
3532280039	4140
3532280056	400
3532280150	2260
3532280234	360
3532280354	3840
3532280400	660
3532280443	4060
3532280740	460
3532280766	1920
3532280772	180
3532280817	920
3532280833	940
3532280858	1460
3532280886	440
3532281013	1260
3532281130	340
3532281218	1420
3532281257	11120
3532281283	2100
3532281384	2040
3532281409	4120
3532281422	2960
3532281498	10640
3532281717	200
3532281727	240
3532281742	460
3532281805	2480
3532281818	520
3532281918	1940
3532281936	2720
3532281950	3680
3532281962	5600
3532282006	1460
3532282016	3020
3532282306	5040
3532282332	5860
3532282420	4320
3532282439	7880
3532282501	960
3532282557	1320
3532282559	2200
3532282572	980
3532282587	340
3532282672	700
3532282681	3040
3532282693	1380
3532282703	400
3532282738	480
3532282830	6120
3532282849	4060
3532282853	2660
3532282907	1360
3532282948	1460
3532282979	420
3532282991	300
3532283021	860
3532283033	900
3532283079	560
3532283164	240
3532283191	4120
3532283239	3320
3532283326	4460
3532283329	4160
3532283435	7800
3532283661	1640
3532283716	1080
3532283753	360
3532283826	11660
3532283876	1200
3532283938	400
3532283944	1480
3532284002	2080
3532284026	4740
3532284066	760
3532284119	2060
3532284234	2580
3532284360	80
3532284481	140
3532284511	1100
3532284589	2600
3532284608	1120
3532284785	100
3532284871	180
3532285151	1100
3532285327	3700
3532285341	1040
3532285370	660
3532285460	5220
3532285495	1480
3532285553	2140
3532285575	360
3532285689	1740
3532285770	3640
3532285771	4160
3532285780	140
3532285783	440
3532285831	320
3532285978	1540
3532286023	2700
3532286027	5820
3532286144	2760
3532286232	660
3532286240	960
3532286312	480
3532286312	2700
3532286347	320
3532286376	1200
3532286380	4120
3532286451	1020
3532286496	1580
3532286674	1240
3532286682	1740
3532286706	1720
3532286749	2660
3532286770	2120
3532286777	920
3532286852	1680
3532287072	1080
3532287232	3840
3532287247	3600
3532287256	13200
3532287361	1720
3532287554	1140
3532287603	6120
3532287643	3020
3532287693	7260
3532287712	300
3532287729	2260
3532287734	1260
3532287758	1340
3532287769	1120
3532287793	720
3532287849	9900
3532287891	2060
3532287909	4880
3532287947	580
3532288016	3420
3532288018	1460
3532288057	140
3532288077	240
3532288089	2180
3532288101	400
3532288132	860
3532288172	1220
3532288177	1280
3532288184	7600
3532288227	1940
3532288247	3180
3532288304	1660
3532288415	1720
3532288438	3440
3532288481	1600
3532288505	4000
3532288554	6480
3532288624	7400
3532288730	800
3532288800	360
3532288841	2800
3532288858	3180
3532288906	4060
3532288972	480
3532289006	1900
3532289092	2320
3532289103	380
3532289105	600
3532289120	460
3532289266	1000
3532289355	760
3532289410	2740
3532289446	1900
3532289452	680
3532289491	960
3532289494	740
3532289519	3800
3532289607	320
3532289649	2020
3532289698	920
3532289698	2340
3532289720	340
3532289805	420
3532289810	180
3532289989	2220
3532290013	3200
3532290148	360
3532290221	1760
3532290221	480
3532290381	2120
3532290397	2880
3532290418	1980
3532290459	4620
3532290484	160
3532290550	3340
3532290889	2180
3532290912	280
3532291029	240
3532291055	600
3532291094	1080
3532291111	1400
3532291168	400
3532291206	4220
3532291222	3060
3532291263	1940
3532291286	2620
3532291379	1800
3532291471	15800
3532291490	2260
3532291500	5160
3532291553	1660
3532291579	5360
3532291581	5160
3532291601	460
3532291638	1020
3532291733	120
3532291829	5780
3532291871	2880
3532291887	680
3532291931	3220
3532292024	2980
3532292041	4680
3532292044	680
3532292154	3880
3532292171	4220
3532292204	1100
3532292223	4780
3532292231	4160
3532292268	1060
3532292289	2220
3532292409	3600
3532292430	1400
3532292525	600
3532292530	4720
3532292542	8300
3532292548	4380
3532292648	140
3532292662	1960
3532292705	3340
3532292727	1920
3532292729	1080
3532292730	1140
3532292838	1340
3532292880	620
3532292948	520
3532293042	2520
3532293286	3640
3532293326	860
3532293341	140
3532293375	760
3532293388	900
3532293440	3940
3532293477	640
3532293525	1600
3532293550	1560
3532293627	200
3532293633	4360
3532293660	3040
3532293661	660
3532293665	640
3532293779	8920
3532293826	2240
3532293875	2520
3532293910	100
3532294026	1440
3532294042	2640
3532294098	1020
3532294131	740
3532294140	1840
3532294193	340
3532294222	4020
3532294226	2020
3532294270	2380
3532294348	4040
3532294426	3360
3532294706	9060
3532294728	5980
3532294758	700
3532294882	2680
3532294923	1140
3532294932	3440
3532294983	520
3532295041	3740
3532295097	3300
3532295130	660
3532295162	1580
3532295305	460
3532295311	6440
3532295335	1100
3532295429	1780
3532295435	2940
3532295466	140
3532295466	1660
3532295545	620
3532295600	4340
3532295628	1320
3532295715	2680
3532295833	720
3532295849	440
3532295855	1080
3532295896	1020
3532295917	5780
3532296003	8660
3532296068	140
3532296088	1080
3532296096	800
3532296176	1380
3532296176	640
3532296204	100
3532296230	9820
3532296243	2520
3532296248	320
3532296255	4640
3532296308	2980
3532296393	2040
3532296406	540
3532296431	460
3532296488	760
3532296523	120
3532296583	2840
3532296738	1960
3532296804	1560
3532296821	760
3532296842	1900
3532296845	12260
3532296877	140
3532296935	660
3532297013	5200
3532297035	1480
3532297081	1300
3532297153	720
3532297191	5220
3532297200	4540
3532297273	1020
3532297340	1660
3532297456	820
3532297466	900
3532297512	520
3532297536	1260
3532297623	1360
3532297730	560
3532297754	9460
3532297811	780
3532297852	3180
3532297869	760
3532297896	2180
3532297935	280
3532297965	3540
3532297966	560
3532297994	2240
3532298000	360
3532298131	940
3532298151	1160
3532298215	3540
3532298222	440
3532298245	840
3532298297	1100
3532298331	5440
3532298550	9060
3532298619	2320
3532298648	3660
3532298660	3940
3532298723	1700
3532298740	3900
3532298764	1980
3532298785	1260
3532298818	740
3532298835	560
3532298844	1240
3532298892	1980
3532298932	540
3532299006	500
3532299009	10380
3532299024	560
3532299046	820
3532299193	1200
3532299238	2660
3532299247	1520
3532299407	160
3532299522	260
3532299524	5120
3532299528	960
3532299541	2360
3532299557	4880
3532299561	4500
3532299564	2120
3532299616	1280
3532299651	960
3532299657	600
3532299833	2620
3532299837	1540
3532299896	820
3532299915	500
3532299933	1400
3532299947	1200
3532299962	3600
3532299969	900
3532299982	200
3532300048	9660
3532300063	100
3532300080	3120
3532300126	1020
3532300175	5660
3532300212	5360
3532300284	4240
3532300303	1500
3532300369	8360
3532300374	4400
3532300453	2740
3532300566	1100
3532300569	1720
3532300798	1740
3532300841	1700
3532300877	2580
3532300892	1640
3532300908	200
3532300934	11240
3532300951	1580
3532300974	2880
3532301016	1580
3532301016	2120
3532301047	440
3532301080	4960
3532301161	4500
3532301171	1300
3532301174	1580
3532301225	2100
3532301277	100
3532301320	1520
3532301331	240
3532301412	7260
3532301427	700
3532301464	5940
3532301465	1340
3532301521	3220
3532301591	7020
3532301649	9180
3532301733	200
3532301804	1100
3532301813	6300
3532301827	4560
3532301852	1040
3532301856	540
3532301943	1340
3532302031	4600
3532302032	520
3532302039	4380
3532302165	400
3532302204	1440
3532302250	4220
3532302255	900
3532302270	800
3532302309	1200
3532302315	5220
3532302452	560
3532302483	3660
3532302545	240
3532302578	2200
3532302602	940
3532302655	2340
3532302674	900
3532302724	4100
3532302754	4780
3532302755	12560
3532302805	1020
3532302881	1360
3532302898	2400
3532302961	5460
3532302990	1140
3532303067	2280
3532303079	1460
3532303091	1980
3532303112	360
3532303119	860
3532303145	840
3532303150	900
3532303176	700
3532303197	1140
3532303222	1840
3532303324	6520
3532303330	5320
3532303336	1160
3532303344	1100
3532303345	520
3532303348	440
3532303369	1560
3532303428	2960
3532303467	340
3532303607	1420
3532303614	800
3532303648	2680
3532303701	15440
3532303821	560
3532303829	600
3532303871	700
3532303944	2080
3532303945	4440
3532303961	2700
3532304008	6020
3532304021	720
3532304103	1100
3532304191	1560
3532304250	480
3532304276	4940
3532304277	5800
3532304406	1240
3532304423	280
3532304449	4460
3532304518	240
3532304562	1920
3532304563	2340
3532304587	4420
3532304593	1400
3532304597	260
3532304672	440
3532304725	1220
3532304762	320
3532304873	5060
3532304879	3080
3532304936	9760
3532304956	16920
3532304967	2600
3532304984	2680
3532305131	1780
3532305141	4580
3532305200	5080
3532305231	1400
3532305289	6000
3532305322	18700
3532305425	7640
3532305431	1920
3532305444	780
3532305584	480
3532305618	460
3532305694	280
3532305726	300
3532305762	3160
3532305771	4360
3532305949	360
3532306094	4120
3532306123	500
3532306130	2420
3532306134	1820
3532306145	1620
3532306163	1840
3532306173	1760
