3529594683	6180
3529594731	2420
3529594735	840
3529594762	1520
3529594777	6580
3529594823	1740
3529594883	260
3529594915	1160
3529594981	7680
3529594990	3720
3529595016	860
3529595036	2120
3529595082	1320
3529595106	140
3529595190	320
3529595280	2140
3529595301	520
3529595309	340
3529595317	1660
3529595342	2860
3529595349	560
3529595374	2060
3529595395	2280
3529595423	1860
3529595473	10700
3529595481	1140
3529595512	100
3529595539	280
3529595543	140
3529595602	860
3529595610	1620
3529595623	800
3529595643	1960
3529595661	780
3529595689	240
3529595827	6080
3529596023	1700
3529596028	15600
3529596040	940
3529596067	520
3529596105	3400
3529596116	1500
3529596222	2060
3529596507	1320
3529596569	360
3529596587	5860
3529596596	1920
3529596598	9700
3529596615	2460
3529596677	3580
3529596692	680
3529596714	1480
3529596739	1640
3529596771	3200
3529596785	1800
3529596840	1380
3529596918	1120
3529596976	3660
3529596982	2780
3529596984	120
3529596994	1540
3529597015	3480
3529597107	2360
3529597136	3540
3529597167	100
3529597197	1360
3529597468	780
3529597540	5260
3529597595	2180
3529597654	2740
3529597737	3400
3529597827	1880
3529597855	400
3529597875	2580
3529597884	320
3529597998	13860
3529598012	820
3529598090	1980
3529598147	2100
3529598175	380
3529598188	6620
3529598204	1100
3529598366	2580
3529598461	920
3529598512	800
3529598625	840
3529598676	5100
3529598707	2320
3529598742	6860
3529598774	1740
3529598825	2040
3529598942	1300
3529598982	19980
3529598984	2740
3529598989	3080
3529598990	7200
3529599051	2120
3529599124	1080
3529599164	380
3529599176	6160
3529599288	720
3529599377	580
3529599403	5320
3529599413	2040
3529599447	1460
3529599456	740
3529599460	6160
3529599544	420
3529599615	5840
3529599633	1320
3529599693	520
3529599753	2020
3529599769	1320
3529599828	1520
3529599846	2420
3529599895	380
3529599907	1140
3529599927	320
3529599936	6580
3529600054	9920
3529600081	3960
3529600083	60
3529600246	2320
3529600247	2060
3529600258	840
3529600329	580
3529600350	1920
3529600372	2240
3529600377	3020
3529600397	460
3529600518	5420
3529600556	1860
3529600596	600
3529600711	1880
3529600785	3000
3529600799	4600
3529600837	5060
3529600837	380
3529600851	940
3529600874	7560
3529600884	1200
3529600959	1680
3529600977	3580
3529600996	3680
3529601068	480
3529601098	320
3529601105	620
3529601139	2960
3529601376	1220
3529601381	1780
3529601401	120
3529601403	320
3529601408	2520
3529601490	1440
3529601533	1440
3529601573	2800
3529601582	500
3529601794	340
3529601803	3220
3529601990	3440
3529602043	5160
3529602093	7020
3529602272	460
3529602279	1480
3529602376	5140
3529602406	11720
3529602484	1720
3529602508	5420
3529602511	740
3529602593	2580
3529602709	2140
3529602790	960
3529602792	2860
3529602798	640
3529602820	3940
3529602850	2440
3529602852	1680
3529602874	3860
3529602898	1680
3529602910	1880
3529602940	1500
3529602953	2600
3529602976	2800
3529602992	440
3529602995	1000
3529603117	2680
3529603159	2520
3529603176	1100
3529603176	10980
3529603176	6160
3529603176	1220
3529603176	660
3529603176	1360
3529603176	800
3529603176	960
3529603176	1240
3529603176	1700
3529603176	680
3529603176	1420
3529603176	680
3529603176	3040
3529603176	7920
3529603176	1180
3529603176	5880
3529603176	4880
3529603176	1940
3529603176	3880
3529603176	3620
3529603176	2800
3529603176	2540
3529603176	7040
3529603176	4260
3529603176	1400
3529603176	3980
3529603176	2500
3529603176	17200
3529603176	1500
3529603176	1000
3529603176	4160
3529603176	4220
3529603176	3460
3529603176	1700
3529603176	6660
3529603176	5880
3529603176	2680
3529603176	1640
3529603176	10840
3529603176	3600
3529603176	15900
3529603245	1520
3529603361	460
3529603607	2780
3529603612	1120
3529603695	3420
3529603717	1660
3529603916	1240
3529603954	740
3529603967	7580
3529604092	1540
3529604119	5380
3529604144	17780
3529604166	3200
3529604281	1620
3529604681	1900
3529604844	1200
3529604865	760
3529605084	4340
3529605102	4620
3529605415	2020
3529605425	3140
3529605564	600
3529605592	4220
3529605596	2060
3529605676	1640
3529605682	3760
3529605783	240
3529605827	1180
3529605897	280
3529605965	2840
3529605994	4080
3529606003	640
3529606061	380
3529606138	5980
3529606141	1120
3529606144	1160
3529606247	1140
3529606326	440
3529606386	1740
3529606450	1740
3529606461	7100
3529606513	1720
3529606514	2680
3529606529	2560
3529606546	2800
3529606649	1940
3529606664	3040
3529606777	200
3529606869	720
3529606875	220
3529606906	1440
3529606985	7160
3529606994	120
3529607018	3260
3529607048	2500
3529607131	740
3529607195	8200
3529607204	6100
3529607220	4420
3529607317	1540
3529607366	1120
3529607370	1480
3529607422	460
3529607437	520
3529607473	1320
3529607513	640
3529607540	1960
3529607572	3380
3529607685	160
3529607705	180
3529607715	2020
3529607739	2240
3529607792	640
3529608020	3340
3529608100	400
3529608157	440
3529608285	1720
3529608372	2160
3529608373	260
3529608389	1240
3529608509	1860
3529608511	1780
3529608527	6280
3529608535	1700
3529608538	180
3529608585	1800
3529608674	140
3529608734	1420
3529608753	1580
3529608755	300
3529608757	900
3529608827	120
3529608832	1600
3529608832	400
3529608873	980
3529608882	620
3529609062	1840
3529609149	4380
3529609161	2560
3529609217	4600
3529609237	400
3529609283	9620
3529609354	1540
3529609354	1660
3529609365	1620
3529609428	540
3529609543	7020
3529609603	3480
3529609613	1420
3529609634	3620
3529609661	3060
3529609663	1620
3529609852	460
3529609989	260
3529610142	560
3529610219	1100
3529610261	3600
3529610338	900
3529610362	2720
3529610375	1780
3529610410	1340
3529610437	2200
3529610526	2620
3529610582	100
3529610680	2040
3529610724	3620
3529610803	8600
3529610813	7480
3529610884	720
3529610903	1040
3529610957	660
3529611027	1420
3529611046	3980
3529611062	5300
3529611156	600
3529611193	1920
3529611198	160
3529611198	1520
3529611256	2180
3529611287	2000
3529611289	1080
3529611308	1440
3529611317	2200
3529611392	6340
3529611399	1900
3529611471	300
3529611532	4420
3529611548	440
3529611603	240
3529611718	8620
3529611811	2100
3529611888	1460
3529611897	1440
3529611935	480
3529611943	140
3529612030	2180
3529612036	2560
3529612088	2320
3529612142	200
3529612151	920
3529612179	140
3529612188	600
3529612228	4380
3529612238	2740
3529612239	2620
3529612268	2140
3529612283	140
3529612303	3680
3529612304	540
3529612334	840
3529612366	2360
3529612368	1980
3529612401	3500
3529612405	560
3529612437	2440
3529612497	1580
3529612534	1280
3529612555	1840
3529612585	1580
3529612633	1320
3529612665	7220
3529612741	6900
3529612857	120
3529612945	700
3529612969	840
3529613045	6480
3529613058	260
3529613077	7920
3529613105	2040
3529613122	1580
3529613141	6500
3529613286	260
3529613364	3380
3529613491	5260
3529613518	2260
3529613527	2400
3529613573	4380
3529613628	420
3529613675	160
3529613720	4000
3529613766	400
3529613922	1480
3529613966	820
3529613994	380
3529614052	1080
3529614074	3120
3529614119	1600
3529614140	3800
3529614233	1820
3529614320	1020
3529614321	2640
3529614365	2440
3529614393	1480
3529614455	4000
3529614460	1900
3529614548	1220
3529614629	1980
3529614667	780
3529614708	220
3529614741	1480
3529614757	820
3529614768	1120
3529614867	1080
3529614903	1700
3529614943	1900
3529614949	200
3529615000	2180
3529615259	2500
3529615290	2060
3529615385	380
3529615445	3080
3529615556	400
3529615559	1780
3529615662	3700
3529615683	100
3529615695	5560
3529615903	2200
3529615914	4100
3529615930	16500
3529615959	1360
3529616007	1440
3529616052	1500
3529616057	2700
3529616081	460
3529616237	4860
3529616265	380
3529616285	680
3529616304	1020
3529616454	1720
3529616633	1940
3529616649	1600
3529616732	1820
3529616737	800
3529616748	500
3529616937	520
3529616982	140
3529617003	3120
3529617033	2760
3529617043	1320
3529617049	120
3529617050	4560
3529617182	6320
3529617263	2240
3529617292	480
3529617438	800
3529617530	1740
3529617586	6720
3529617614	680
3529617693	2940
3529617762	3380
3529617763	1400
3529617793	3380
3529617793	420
3529617864	1660
3529617968	820
3529617984	1180
3529618071	8220
3529618077	880
3529618088	1520
3529618152	2120
3529618187	680
3529618327	1620
3529618369	7380
3529618397	2540
3529618418	1040
3529618477	3700
3529618484	2800
3529618508	2980
3529618568	420
3529618599	2740
3529618608	6160
3529618616	740
3529618664	1540
3529618678	1520
3529618754	5320
3529618782	2540
3529618924	3960
3529618955	2040
3529618997	1660
3529619003	2380
3529619016	2640
3529619024	1300
3529619087	3000
3529619152	2340
3529619209	220
3529619302	6400
3529619342	1220
3529619405	2120
3529619502	1020
3529619549	4340
3529619735	1360
3529619759	2700
3529619781	1320
3529619876	3580
3529619924	3020
3529619926	740
3529619952	4020
3529619963	2060
3529619987	340
3529620084	2580
3529620178	2000
3529620185	80
3529620199	5440
3529620246	3580
3529620264	1740
3529620300	1520
3529620358	200
3529620452	940
3529620473	600
3529620534	300
3529620660	1840
3529620700	940
3529620735	1740
3529620750	180
3529620760	1400
3529620786	2420
3529620889	500
3529620999	2520
3529621132	100
3529621142	6140
3529621235	2780
3529621264	620
3529621281	2360
3529621362	1600
3529621393	1260
3529621404	700
3529621518	4240
3529621765	820
3529621791	4000
3529621822	800
3529621826	160
3529621834	4280
3529621853	1520
3529621927	3220
3529621989	2360
3529621999	460
3529622049	3080
3529622087	1120
3529622096	680
3529622100	60
3529622155	7900
3529622193	1340
3529622214	820
3529622307	2400
3529622322	2700
3529622340	4440
3529622348	380
3529622414	260
3529622463	5880
3529622467	1840
3529622485	720
3529622486	480
3529622495	1240
3529622596	640
3529622599	780
3529622615	7600
3529622623	4060
3529622677	500
3529622728	2080
3529622811	4260
3529622826	280
3529622857	16820
3529622861	3800
3529622931	2020
3529622943	1020
3529622957	940
3529622981	2540
3529623086	7900
3529623104	2500
3529623215	520
3529623310	5380
3529623324	2560
3529623354	5020
3529623437	1400
3529623452	1040
3529623490	800
3529623511	1980
3529623579	1240
3529623667	220
3529623702	500
3529623806	420
3529623862	1440
3529623886	800
3529623906	280
3529623932	5800
3529624152	4040
3529624154	1100
3529624179	320
3529624198	3680
3529624216	2300
3529624239	1720
3529624247	1020
3529624261	1140
3529624309	480
3529624321	820
3529624336	1620
3529624411	4540
3529624416	1560
3529624427	3600
3529624469	220
3529624658	1860
3529624738	300
3529624748	3840
3529624770	280
3529624795	660
3529624823	1060
3529624830	560
3529624835	1020
3529624887	980
3529624902	3340
3529624992	3100
3529625050	860
3529625107	500
3529625155	760
3529625219	2460
3529625229	4660
3529625238	120
3529625389	1460
3529625413	2440
3529625473	1540
3529625614	1600
3529625620	5680
3529625676	400
3529625718	3180
3529625732	1120
3529625743	5760
3529625796	1240
3529625866	7620
3529625937	1500
3529625976	6760
3529625978	1940
3529626031	1060
3529626075	720
3529626196	4680
3529626277	880
3529626337	12860
3529626355	1960
3529626398	780
3529626402	3260
3529626498	9080
3529626567	1520
3529626599	3560
3529626811	11020
3529626811	560
3529626940	500
3529627017	560
3529627049	1680
3529627051	880
3529627052	1840
3529627061	3460
3529627145	2000
3529627238	3520
3529627378	1000
3529627427	280
3529627510	2700
3529627525	2880
3529627530	3980
3529627539	100
3529627553	2780
3529627569	3520
3529627573	1520
3529627666	440
3529627708	1980
3529627829	3320
3529627830	2820
3529627873	1060
3529627890	2820
3529627974	280
3529628034	1660
3529628045	1120
3529628225	2140
3529628239	620
3529628260	5300
3529628277	620
3529628369	1780
3529628397	6180
3529628434	4300
3529628436	860
3529628462	3460
3529628502	760
3529628573	360
3529628597	1640
3529628602	10120
3529628632	900
3529628650	2260
3529628653	2560
3529628673	80
3529628788	5620
3529628796	1100
3529628841	1260
3529628892	5040
3529628904	2240
3529629176	800
3529629262	5660
3529629276	3720
3529629316	4080
3529629441	2460
3529629512	1360
3529629536	3440
3529629558	780
3529629579	1640
3529629639	5100
3529629762	3260
3529629885	2380
3529629894	1720
3529629990	2640
3529630046	4200
3529630098	2020
3529630166	180
3529630198	1320
3529630215	560
3529630241	240
3529630254	1900
3529630256	2240
3529630336	480
3529630435	260
3529630477	2060
3529630626	1620
3529630634	2300
3529630664	5940
3529630675	3160
3529630685	1860
3529630690	4960
3529630724	1400
3529630741	1760
3529630761	8040
3529630829	860
3529630859	360
3529630886	720
3529631031	1220
3529631136	220
3529631187	2120
3529631201	3140
3529631240	620
3529631270	620
3529631315	2420
3529631354	1560
3529631530	520
3529631559	1500
3529631627	980
3529631645	3140
3529631709	1180
3529631715	15880
3529631764	1520
3529631782	2040
3529631787	3580
3529631980	240
3529632074	7320
3529632094	1480
3529632118	6940
3529632246	4140
3529632335	1660
3529632341	1060
3529632407	680
3529632422	3040
3529632479	3960
3529632524	3500
3529632562	1080
3529632806	900
3529632814	10260
3529632841	940
3529632920	6100
3529632945	2800
3529632958	4480
3529632961	1620
3529632972	1160
3529632981	2420
3529633006	400
3529633121	1960
3529633175	2660
3529633244	1020
3529633301	5540
3529633467	940
3529633470	1180
3529633518	8280
3529633533	2380
3529633550	1100
3529633560	1080
3529633564	1020
3529633643	160
3529633739	500
3529633775	1500
3529633845	740
3529633866	540
3529633929	640
3529633959	7320
3529633960	520
3529633981	4000
3529634021	1840
3529634104	1080
3529634195	1000
3529634242	460
3529634322	2400
3529634358	1360
3529634491	1680
3529634499	680
3529634509	820
3529634540	7360
3529634628	3680
3529634641	6400
3529634717	10260
3529634777	3000
3529634832	680
3529634889	600
3529634980	680
3529635003	3100
3529635013	940
3529635150	140
3529635222	200
3529635225	660
3529635271	3340
3529635302	380
3529635360	10740
3529635406	4780
3529635481	7460
3529635504	1160
3529635518	4660
3529635537	640
3529635709	2600
3529635749	1420
3529635750	540
3529635809	1420
3529635900	1340
3529635911	1180
3529635942	400
3529636062	7100
3529636093	1320
3529636099	1700
3529636216	660
3529636318	1020
3529636332	19180
3529636363	5500
3529636388	2240
3529636405	1860
3529636623	3520
3529636642	3940
3529636710	1560
3529636748	3060
3529636749	2480
3529636784	2700
3529636800	380
3529636867	620
3529636909	2200
3529636954	3420
3529637004	2180
3529637014	6340
3529637088	2140
3529637127	220
3529637284	620
3529637309	1380
3529637380	2000
3529637468	1700
3529637583	1920
3529637665	1120
3529637668	2040
3529637729	680
3529637801	1980
3529637872	2540
3529637930	540
3529638001	520
3529638016	880
3529638112	140
3529638171	1160
3529638336	980
3529638414	1080
3529638426	1200
3529638437	3740
3529638470	2840
3529638535	8120
3529638578	3060
3529638585	780
3529638688	2040
3529638690	1800
3529638700	440
3529638790	640
3529638803	1320
3529638812	1480
3529638902	2980
3529638936	2840
3529638939	1080
3529638986	4040
3529638990	1640
3529639000	1780
3529639002	100
3529639019	300
3529639058	7780
3529639074	260
3529639082	1340
3529639153	5040
3529639268	580
3529639297	420
3529639302	5100
3529639362	3180
3529639378	1600
3529639394	920
3529639399	2860
3529639491	220
3529639545	1000
3529639554	900
3529639597	840
3529639638	2840
3529639855	16460
3529639907	1280
3529639941	9880
3529639958	180
3529640029	320
3529640055	760
3529640111	120
3529640304	1220
3529640341	6980
3529640342	360
3529640377	18460
3529640424	500
3529640467	1880
3529640504	860
3529640560	3720
3529640567	5840
3529640632	2780
3529640731	2920
3529640799	380
3529640987	1820
3529641008	2700
3529641011	3640
3529641067	1740
3529641077	1100
3529641086	380
3529641120	1700
3529641174	12380
3529641181	4960
3529641301	440
3529641509	1380
3529641523	140
3529641672	1020
3529641722	4480
3529641736	320
3529641746	11140
3529641789	440
3529641829	2480
3529641960	5320
3529641991	5780
3529642066	1260
3529642126	1520
3529642183	720
3529642196	6740
3529642233	800
3529642386	640
3529642404	1220
3529642505	18340
3529642533	7340
3529642557	420
3529642561	3480
3529642609	3200
3529642666	480
3529642666	2940
3529642685	1260
3529642746	2800
3529642765	160
3529642822	4680
3529642863	2900
3529642873	660
3529642896	860
3529642996	8240
3529642997	2940
3529643015	1560
3529643068	120
3529643145	1780
3529643152	780
3529643243	620
3529643275	260
3529643318	2880
3529643320	2500
3529643339	520
3529643406	1200
3529643424	320
3529643453	1220
3529643504	1300
3529643523	4020
3529643555	940
3529643646	3720
3529643648	2580
3529643694	2400
3529643712	1600
3529643796	2660
3529643841	200
3529643866	4600
3529643867	380
3529643929	2620
3529643967	2440
3529643976	2520
3529643994	5800
3529644022	2220
3529644047	2960
3529644182	160
3529644269	1320
3529644275	280
3529644290	360
3529644366	4640
3529644391	1380
3529644399	800
3529644584	540
3529644622	200
3529644638	2540
3529644683	2000
3529644720	8320
3529644869	10420
3529644881	14440
3529644905	1380
3529645038	4640
3529645086	8880
3529645134	180
3529645236	2240
3529645288	740
3529645298	2720
3529645314	15400
3529645349	2620
3529645397	4660
3529645402	3280
3529645610	140
3529645659	900
3529645665	1380
3529645937	3420
3529646010	4180
3529646095	6540
3529646147	1900
3529646152	2120
3529646171	3720
3529646215	1380
3529646331	1120
3529646341	1100
3529646353	6840
3529646390	920
3529646416	100
3529646598	820
3529646694	620
3529646695	1040
3529646746	160
3529646756	1780
3529646991	1080
3529647008	3520
3529647096	9600
3529647180	5260
3529647291	2480
3529647332	460
3529647358	1460
3529647359	780
3529647361	460
3529647378	8420
3529647505	620
3529647520	1760
3529647582	1340
3529647635	360
3529647696	2540
3529647851	60
3529647911	600
3529647996	3920
3529648009	240
3529648217	540
3529648395	2280
3529648400	2140
3529648401	960
3529648414	1040
3529648472	3220
3529648631	1520
3529648780	2380
3529648797	5120
3529648854	1820
3529648901	800
3529648973	540
3529648989	7300
3529649111	420
3529649285	100
3529649298	280
3529649299	360
3529649333	1200
3529649337	3840
3529649359	1420
3529649473	840
3529649695	4400
3529649743	4640
3529649757	4120
3529649990	1600
3529650001	11620
3529650002	480
3529650007	340
3529650082	420
3529650101	7240
3529650105	140
3529650140	280
3529650171	6480
3529650266	980
3529650284	3600
3529650300	1020
3529650368	6660
3529650368	1160
3529650423	4980
3529650464	14160
3529650531	5760
3529650549	720
3529650550	7040
3529650567	2680
3529650608	1020
3529650809	2580
3529650818	800
3529650870	3280
3529650915	580
3529651145	1800
3529651149	200
3529651150	4500
3529651242	2500
3529651244	240
3529651318	2000
3529651340	4800
3529651429	2800
3529651467	1780
3529651559	4920
3529651699	1960
3529651755	880
3529651797	480
3529651893	1500
3529652026	1240
3529652057	200
3529652150	480
3529652218	3980
3529652286	1680
3529652298	2340
3529652394	420
3529652438	1460
3529652447	1040
3529652561	1480
3529652593	380
3529652619	1180
3529652803	3280
3529652846	1320
3529652857	1340
3529652881	440
3529652886	1660
3529652948	940
3529652968	980
3529653036	880
3529653037	5140
3529653044	920
3529653046	3440
3529653049	1660
3529653281	4200
3529653317	4000
3529653428	420
3529653433	800
3529653498	3080
3529653504	1240
3529653606	14100
3529653676	1580
3529653682	1000
3529653711	720
3529653739	4360
3529653782	9080
3529653867	780
3529653880	1200
3529653962	2760
3529654013	1340
3529654091	1680
3529654095	1960
3529654103	6420
3529654177	220
3529654214	240
3529654287	640
3529654309	5000
3529654326	1160
3529654351	640
3529654451	2020
3529654451	1180
3529654551	1320
3529654563	1460
3529654671	1080
3529654700	1540
3529654772	860
3529654786	860
3529654834	2080
3529654844	1000
3529654921	5440
3529654963	640
3529654966	1300
3529655010	2160
3529655062	680
3529655095	3780
3529655234	840
3529655245	6220
3529655287	740
3529655343	3200
3529655357	2180
3529655367	4560
3529655695	980
3529655740	900
3529655784	1580
3529655843	260
3529655953	1580
3529656047	1520
3529656063	900
3529656087	2300
3529656097	420
3529656123	600
3529656134	1120
3529656225	5420
3529656253	260
3529656373	1080
3529656396	7680
3529656483	1780
3529656495	2140
3529656562	900
3529656565	1640
3529656644	640
3529656696	1980
3529656752	7680
3529656785	140
3529656856	8900
3529656910	1000
3529657023	5000
3529657138	960
3529657145	1280
3529657153	860
3529657318	940
3529657453	2260
3529657471	3320
3529657490	2600
3529657614	140
3529657672	640
3529657688	6940
3529657750	3740
3529657806	300
3529657884	2120
3529657905	2000
3529657905	14720
3529657954	880
3529657965	1900
3529657967	220
3529658009	1900
3529658031	8240
3529658038	400
3529658056	1340
3529658057	640
3529658071	920
3529658135	300
3529658273	140
3529658277	1680
3529658292	800
3529658335	1020
3529658424	460
3529658509	3080
3529658531	500
3529658550	420
3529658613	1740
3529658696	5980
3529658770	1600
3529658830	1340
3529658832	280
3529658867	8940
3529658885	5640
3529658914	840
3529658930	2720
3529658938	7740
3529658949	2540
3529659031	3300
3529659033	1780
3529659039	420
3529659056	2460
3529659093	820
3529659094	3420
3529659126	6020
3529659159	1120
3529659243	2880
3529659288	2520
3529659373	320
3529659513	2420
3529659534	380
3529659537	3060
3529659549	1300
3529659556	12900
3529659590	680
3529659659	3740
3529659660	1340
3529659751	600
3529659767	2200
3529659832	3120
3529659838	560
3529659889	2360
3529659956	1020
3529659972	5320
3529660145	720
3529660166	820
3529660274	3060
3529660288	1360
3529660294	4360
3529660297	460
3529660303	260
3529660324	3020
3529660363	360
3529660366	1780
3529660417	2120
3529660432	260
3529660551	4600
3529660570	1120
3529660640	1520
3529660675	4620
3529660677	1280
3529660770	1180
3529660777	1780
3529660829	1620
3529660889	1020
3529660892	720
3529660900	1240
3529660947	2480
3529660951	5340
3529660974	1880
3529660993	5500
3529661000	1020
3529661154	940
3529661187	4660
3529661191	2040
3529661217	980
3529661235	3220
3529661420	880
3529661422	2400
3529661444	2580
3529661459	4740
3529661467	520
3529661499	3880
3529661523	6840
3529661569	5480
3529661656	940
3529661658	1500
3529661688	5540
3529661697	2040
3529661714	260
3529661754	5060
3529661914	4120
3529661963	5120
3529661979	180
3529661999	1300
3529662086	2100
3529662155	1400
3529662158	2180
3529662160	1400
3529662220	3720
3529662248	2900
3529662268	200
3529662307	640
3529662401	2140
3529662437	620
3529662465	140
3529662475	700
3529662485	1780
3529662522	5960
3529662525	3800
3529662554	2420
3529662627	140
3529662788	12800
3529662792	1700
3529662794	6180
3529662843	3080
3529663242	1580
3529663256	560
3529663366	560
3529663475	2260
3529663654	140
3529663658	5640
3529663739	5000
3529663741	1780
3529663861	2100
3529663887	680
3529664136	1040
3529664144	2440
3529664167	460
3529664202	3320
3529664228	1660
3529664282	16800
3529664301	5680
3529664346	1960
3529664445	2340
3529664513	560
3529664517	900
3529664559	320
3529664572	1300
3529664576	1240
3529664649	3160
3529664697	860
3529664741	320
3529664755	2700
3529664799	420
3529664834	680
3529664855	2860
3529664878	1480
3529664883	2440
3529664958	2420
3529664970	2960
3529664978	3360
3529664988	1100
3529664995	1840
3529665004	3940
3529665055	500
3529665059	100
3529665120	3800
3529665155	240
3529665178	900
3529665181	4600
3529665233	3300
3529665271	600
3529665279	4980
3529665310	180
3529665339	820
3529665365	260
3529665583	860
3529665694	980
3529665696	560
3529665766	1520
3529665766	660
3529665922	1720
3529666130	600
3529666140	6040
3529666144	900
3529666209	840
3529666213	980
3529666229	5200
3529666324	2260
3529666351	900
3529666352	120
3529666473	2120
3529666504	1340
3529666546	400
3529666639	540
3529666670	1240
3529666708	1880
3529666844	4420
3529666850	1080
3529667054	1040
3529667093	640
3529667098	1780
3529667108	4040
3529667137	7660
3529667141	6420
3529667233	1920
3529667245	920
3529667352	760
3529667365	1520
3529667465	980
3529667478	1980
3529667489	3380
3529667512	6400
3529667518	2380
3529667677	2520
3529667744	1860
3529667768	480
3529667816	2740
3529667873	1600
3529667956	960
3529667972	1680
3529667982	19320
3529668054	220
3529668060	2640
3529668126	960
3529668127	1980
3529668150	1940
3529668231	2320
3529668329	2200
3529668359	1940
3529668375	740
3529668683	960
3529668762	4980
3529668806	1540
3529668813	1480
3529668945	1080
3529668992	980
3529669004	1940
3529669015	1040
3529669132	1860
3529669135	5260
3529669144	2200
3529669189	1660
3529669373	5700
3529669396	120
3529669467	2780
3529669502	2100
3529669525	2360
3529669531	1320
3529669544	620
3529669575	840
3529669631	2620
3529669701	140
3529669863	180
3529669875	1440
3529669947	800
3529670025	3400
3529670029	4000
3529670035	2240
3529670104	2500
3529670126	2080
3529670145	1220
3529670264	200
3529670271	160
3529670292	1080
3529670377	340
3529670480	520
3529670671	1880
3529670675	9420
3529670731	320
3529670924	4780
3529670930	760
3529671110	1020
3529671112	300
3529671261	220
3529671275	760
3529671323	3300
3529671408	2460
3529671408	7540
3529671500	1180
3529671517	440
3529671546	1260
3529671603	2680
3529671668	760
3529671700	320
3529671832	940
3529671856	7680
3529671867	380
3529671973	1200
3529672032	60
3529672072	800
3529672093	3120
3529672186	780
3529672419	120
3529672445	7600
3529672449	3700
3529672567	1780
3529672612	1520
3529672630	580
3529672634	2660
3529672681	6380
3529672988	2660
3529673172	4740
3529673183	3880
3529673263	4120
3529673318	1520
3529673430	2740
3529673434	1440
3529673437	2120
3529673579	7180
3529673584	3520
3529673663	240
3529673799	2920
3529673979	340
3529674021	2420
3529674034	1460
3529674061	200
3529674144	1200
3529674171	8560
3529674249	2880
3529674303	5360
3529674442	1060
3529674570	2800
3529674647	1240
3529674708	2280
3529674723	120
3529674741	100
3529674751	2680
3529674773	8940
3529674778	200
3529674805	420
3529674853	560
3529674982	4700
3529675013	120
3529675046	3840
3529675058	900
3529675084	4680
3529675227	840
3529675234	1640
3529675275	760
3529675275	3020
3529675280	3800
3529675294	4380
3529675351	180
3529675383	480
3529675386	320
3529675389	1060
3529675396	360
3529675466	1300
3529675492	1600
3529675531	3380
3529675541	3120
3529675547	1280
3529675614	280
3529675639	3400
3529675657	1580
3529675670	2140
3529675731	2000
3529675752	1380
3529675762	1500
3529675808	4380
3529675829	2000
3529675910	300
3529675912	1680
3529675918	2260
3529676072	700
3529676174	3320
3529676178	580
3529676208	2260
3529676322	660
3529676338	3140
3529676383	2720
3529676556	1000
3529676650	1240
3529676700	4400
3529676725	3640
3529676731	380
3529676902	3440
3529676932	3780
3529676951	500
3529676964	260
3529676973	160
3529677034	140
3529677040	860
3529677092	1580
3529677427	5680
3529677435	480
3529677447	1420
3529677507	600
3529677516	1620
3529677519	260
3529677575	4140
3529677673	2020
3529677738	820
3529677748	1440
3529677777	240
3529677877	3720
3529677966	2600
3529677979	680
3529678171	1000
3529678240	3820
3529678278	2360
3529678279	320
3529678337	2080
3529678419	1240
3529678425	3180
3529678472	1840
3529678495	1100
3529678531	700
3529678616	480
3529678634	900
3529678653	5020
3529678660	1260
3529678666	700
3529678816	1800
3529678840	3180
3529678871	2000
3529679097	2400
3529679127	1000
3529679157	7920
3529679205	3020
3529679213	3160
3529679272	1980
3529679318	200
3529679365	280
3529679389	2840
3529679430	260
3529679453	2560
3529679513	3540
3529679544	4880
3529679560	600
3529679586	680
3529679753	3080
3529679754	1000
3529679796	2120
3529679817	120
3529679861	2460
3529679916	220
3529680087	1780
3529680298	860
3529680306	3380
3529680319	880
3529680330	11420
3529680383	7020
3529680396	5620
3529680508	160
3529680539	4100
3529680621	1280
3529680626	3220
3529680681	5900
3529680725	1160
3529680748	120
3529680761	2220
3529680805	240
3529680841	2380
3529680895	5020
3529681095	400
3529681150	5040
3529681186	5000
3529681191	2140
3529681228	120
3529681272	280
3529681319	4040
3529681356	220
3529681448	1400
3529681452	620
3529681484	6780
3529681494	6000
3529681523	620
3529681538	2020
3529681596	1480
3529681680	2960
3529681708	80
3529681844	420
3529681938	4860
3529682005	4940
3529682136	560
3529682178	3380
3529682192	1220
3529682243	1100
3529682337	1060
3529682500	620
3529682581	5180
3529682592	1520
3529682603	1200
3529682641	2900
3529682691	5000
3529682709	2840
3529682730	1240
3529682759	1300
3529682782	1620
3529682804	840
3529682886	1720
3529682906	1340
3529682941	820
3529682952	640
3529683012	140
3529683072	3300
3529683085	1780
3529683094	820
3529683111	480
3529683187	800
3529683195	700
3529683201	440
3529683217	3000
3529683330	1600
3529683343	3680
3529683356	1820
3529683369	10540
3529683431	960
3529683568	980
3529683581	3140
3529683647	220
3529683651	4740
3529683756	11740
3529683778	980
3529683790	1060
3529683840	900
3529683858	4780
3529683894	1200
3529683897	3380
3529683914	1580
3529683939	4200
3529683958	1680
3529684004	1500
3529684035	4360
3529684036	640
3529684080	2900
3529684095	820
3529684188	980
3529684366	1400
3529684393	3780
3529684395	700
3529684453	3440
3529684491	400
3529684505	1460
3529684511	1080
3529684562	8200
3529684586	6380
3529684651	1200
3529684654	1620
3529684810	1800
3529684842	1680
3529684976	580
3529685107	5200
3529685171	620
3529685284	7420
3529685301	3320
3529685330	4020
3529685340	7300
3529685382	4220
3529685413	700
3529685428	5380
3529685463	1460
3529685486	2340
3529685579	100
3529685621	2740
3529685645	920
3529685752	240
3529685779	280
3529685826	1300
3529685847	680
3529685848	3540
3529686049	500
3529686051	13340
3529686235	600
3529686279	1140
3529686393	3100
3529686434	1260
3529686472	640
3529686477	280
3529686507	880
3529686525	5400
3529686573	6300
3529686581	1640
3529686588	5540
3529686599	300
3529686649	1500
3529686715	380
3529686789	760
3529686902	3620
3529686924	10720
3529687096	920
3529687139	1220
3529687188	60
3529687202	440
3529687211	740
3529687243	1440
3529687247	3040
3529687264	8680
3529687278	4160
3529687338	5060
3529687368	380
3529687452	3720
3529687506	280
3529687590	19080
3529687620	940
3529687708	1640
3529687736	520
3529687838	3600
3529687969	2280
3529687981	840
3529688015	1660
3529688061	3800
3529688166	1520
3529688176	4940
3529688180	5740
3529688184	3440
3529688261	140
3529688490	4000
3529688530	500
3529688613	1740
3529688846	2040
3529688873	3060
3529689014	3000
3529689124	2020
3529689241	1380
3529689292	1880
3529689315	7280
3529689351	2280
3529689493	3420
3529689506	1980
3529689569	480
3529689578	840
3529689590	2260
3529689618	1480
3529689654	920
3529689724	1240
3529689729	620
3529689851	2160
3529689879	1600
3529689887	680
3529689888	1280
3529689925	520
3529690009	1840
3529690034	1520
3529690046	360
3529690177	1640
3529690272	1560
3529690358	200
3529690609	700
3529690644	840
3529690721	340
3529690759	1080
3529690813	980
3529690828	1640
3529690875	640
3529690876	420
3529691034	620
3529691097	360
3529691108	140
3529691227	10520
3529691333	140
3529691336	6380
3529691371	2120
3529691399	10980
3529691410	4020
3529691444	400
3529691464	2880
3529691472	1180
3529691590	520
3529691776	220
3529691781	580
3529691803	700
3529691805	4260
3529691867	880
3529691878	140
3529692127	160
3529692144	1420
3529692162	1960
3529692251	180
3529692304	800
3529692359	2900
3529692416	660
3529692481	17060
3529692497	820
3529692539	640
3529692545	820
3529692550	6220
3529692564	1020
3529692618	1260
3529692680	260
3529692816	3540
3529692841	6280
3529692888	1640
3529692977	7860
3529693054	2620
3529693137	340
3529693215	1800
3529693238	1260
3529693272	2520
3529693289	1740
3529693298	4680
3529693398	2320
3529693509	2740
3529693607	2060
3529693629	1800
3529693637	2240
3529693821	140
3529693874	4640
3529693899	3300
3529693974	1880
3529694018	1360
3529694043	60
3529694050	760
3529694066	2620
3529694066	460
3529694116	2280
3529694131	1640
3529694170	3740
3529694217	6060
3529694276	5220
3529694286	6540
3529694288	10300
3529694335	2880
3529694419	3260
3529694437	14280
3529694475	460
3529694554	1380
3529694575	15740
3529694586	100
3529694610	2480
3529694630	1400
3529694728	3640
3529694739	6680
3529694748	5440
3529694752	1340
3529694766	660
3529694801	260
3529694870	1740
3529694951	2260
3529694962	680
3529695003	320
3529695012	500
3529695017	2820
3529695019	220
3529695065	4540
3529695162	1060
3529695198	980
3529695250	540
3529695591	840
3529695619	180
3529695706	2020
3529695710	1460
3529695851	380
3529695888	1120
3529695942	140
3529695953	1180
3529695969	2080
3529695988	17380
3529696026	1040
3529696045	2100
3529696097	320
3529696162	1180
3529696250	1920
3529696256	320
3529696262	840
3529696358	2460
3529696391	460
3529696514	340
3529696639	2160
3529696849	3740
3529696893	800
3529696949	780
3529697016	220
3529697017	2280
3529697092	280
3529697188	120
3529697240	240
3529697422	5500
3529697428	1120
3529697664	1860
3529697692	760
3529697708	8880
3529697741	7140
3529697765	7140
3529697821	1740
3529697869	2220
3529697965	1640
3529697993	800
3529698112	1580
3529698371	1020
3529698374	1140
3529698403	3260
3529698474	1140
3529698477	700
3529698481	1140
3529698553	400
3529698591	1080
3529698607	440
3529698636	260
3529698648	160
3529698707	3040
3529698772	920
3529698892	3280
3529699159	1240
3529699361	4680
3529699424	5840
3529699459	120
3529699492	4000
3529699598	320
3529699739	3720
3529699761	5940
3529699786	820
3529699809	4520
3529699869	19440
3529699881	180
3529699919	11660
3529700110	1280
3529700352	1780
3529700456	180
3529700524	2860
3529700601	840
3529700633	400
3529700743	6020
3529700746	1440
3529700754	6860
3529700925	1440
3529700931	680
3529700993	7200
3529701083	6900
3529701197	6800
3529701202	2660
3529701277	800
3529701278	440
3529701295	5540
3529701488	3160
3529701532	3740
3529701540	3280
3529701722	320
3529701741	460
3529701753	1700
3529701803	1060
3529701848	2180
3529701872	4840
3529701877	4100
3529701914	1560
3529701920	1140
3529701974	140
3529702036	2140
3529702044	1220
3529702061	140
3529702155	1860
3529702236	1400
3529702251	740
3529702308	1520
3529702341	9120
3529702471	5060
3529702477	6160
3529702501	540
3529702589	1680
3529702613	13460
3529702708	820
3529702737	2220
3529702768	1320
3529702781	260
3529702802	1160
3529702927	2980
3529702930	760
3529702955	7200
3529702958	560
3529702970	1100
3529703096	5960
3529703129	4940
3529703142	1420
3529703375	1380
3529703399	3140
3529703422	1000
3529703425	1440
3529703427	4560
3529703474	1100
3529703525	1040
3529703535	1820
3529703557	1500
3529703623	560
3529703665	1340
3529703683	5900
3529703696	1760
3529703781	1400
3529703880	1960
3529703925	1980
3529703964	840
3529704011	2020
3529704046	500
3529704092	2760
3529704282	220
3529704405	3220
3529704454	1740
3529704573	1280
3529704663	10300
3529704704	580
3529704764	340
3529704789	1180
3529704791	560
3529704836	5460
3529704849	1580
3529704870	2160
3529704975	440
3529705052	480
3529705127	3280
3529705170	1560
3529705241	680
3529705259	7540
3529705305	480
3529705326	7860
3529705391	2300
3529705401	4180
3529705404	2360
3529705422	900
3529705606	1400
3529705695	580
3529705792	2800
3529705889	12940
3529705894	760
3529705894	3460
3529705929	180
3529705959	620
3529706001	1000
3529706030	2880
3529706034	1860
3529706054	280
3529706078	1640
3529706207	1460
3529706372	440
3529706454	780
3529706648	1680
3529706654	2400
3529706743	300
3529706746	220
3529706776	2440
3529706903	1240
3529706926	700
3529706991	940
3529707072	700
3529707216	3580
3529707365	2920
3529707421	2620
3529707436	400
3529707468	1100
3529707481	11340
3529707531	6320
3529707544	420
3529707563	4880
3529707582	860
3529707647	5020
3529707695	2160
3529707701	720
3529707749	1600
3529707754	400
3529707816	2560
3529707816	2000
3529707821	320
3529707821	1560
3529707928	320
3529707967	3520
3529707997	1380
3529708009	15700
3529708087	440
3529708157	1480
3529708234	1700
3529708289	620
3529708434	1500
3529708435	220
3529708442	5480
3529708467	4900
3529708514	5320
3529708603	1640
3529708685	3140
3529708901	1920
3529708995	2280
3529709004	1160
3529709032	3620
3529709049	3060
3529709146	1520
3529709175	1520
3529709180	600
3529709251	380
3529709277	1220
3529709361	2160
3529709384	540
3529709435	580
3529709490	2520
3529709498	640
3529709591	2780
3529709607	1020
3529709616	2120
3529709652	480
3529709699	2280
3529709726	1420
3529709740	1660
3529709768	800
3529709776	1960
3529709807	920
3529709816	3400
3529709958	4800
3529710077	320
3529710128	560
3529710251	220
3529710318	2980
3529710350	140
3529710417	3540
3529710558	5820
3529710585	1480
3529710600	4200
3529710650	1680
3529710682	1260
3529710691	320
3529710699	4300
3529710805	4220
3529710858	9880
3529710982	140
3529710983	240
3529710992	2460
3529711053	1820
3529711079	4560
3529711128	2480
3529711151	1020
3529711197	240
3529711221	1180
3529711235	460
3529711251	1480
3529711290	2200
3529711379	760
3529711389	2500
3529711421	460
3529711487	1080
3529711522	300
3529711551	2540
3529711594	7520
3529711619	6520
3529711890	920
3529711890	340
3529711929	4980
3529711948	240
3529711954	4620
3529712037	140
3529712050	100
3529712059	6600
3529712062	140
3529712064	6260
3529712144	1300
3529712196	4580
3529712217	13560
3529712312	780
3529712362	1580
3529712467	1000
3529712482	1920
3529712748	1260
3529712750	2100
3529712883	10600
3529713026	580
3529713051	600
3529713106	2040
3529713127	1940
3529713166	2720
3529713262	1260
3529713279	1720
3529713393	10840
3529713429	1760
3529713434	1580
3529713456	900
3529713476	940
3529713484	1940
3529713502	3020
3529713523	1080
3529713659	740
3529713702	1280
3529713742	2200
3529713782	2600
3529713925	920
3529714083	13160
3529714090	580
3529714257	1860
3529714266	4700
3529714305	3880
3529714339	2620
3529714474	5380
3529714510	500
3529714521	3540
3529714536	9780
3529714607	740
3529714695	1840
3529714738	3540
3529714752	2980
3529714838	1900
3529714864	1540
3529714913	360
3529714935	1920
3529714959	4640
3529715057	1680
3529715076	280
3529715093	620
3529715101	2160
3529715112	3520
3529715171	160
3529715267	240
3529715308	360
3529715385	1480
3529715460	380
3529715473	2920
3529715514	5060
3529715537	1620
3529715692	4260
3529715853	660
3529715990	4520
3529716048	2100
3529716055	1100
3529716070	3060
3529716073	2760
3529716121	8940
3529716162	1840
3529716298	600
3529716350	7440
3529716446	1240
3529716510	320
3529716662	460
3529716690	3000
3529716777	13500
3529716806	6920
3529716810	340
3529716911	1440
3529716938	400
3529717043	340
3529717097	1320
3529717165	300
3529717380	1060
3529717469	640
3529717497	2180
3529717531	860
3529717589	5540
3529717596	760
3529717609	15120
3529717630	720
3529717644	1400
3529717673	1180
3529717749	2660
3529717756	860
3529717777	1200
3529717955	580
3529717998	4980
3529718007	1160
3529718067	2320
3529718115	780
3529718172	1040
3529718193	520
3529718229	4040
3529718253	780
3529718276	120
3529718295	500
3529718384	900
3529718386	3600
3529718444	160
3529718514	2180
3529718544	8280
3529718708	5600
3529718784	2840
3529718824	1920
3529718841	1860
3529718919	140
3529719039	480
3529719125	300
3529719130	820
3529719276	1060
3529719306	340
3529719318	3320
3529719426	3000
3529719427	200
3529719582	5120
3529719583	440
3529719616	2980
3529719651	1500
3529719853	660
3529719854	400
3529719881	2600
3529719944	540
3529719946	3140
3529719984	1160
3529719994	1860
3529720053	900
3529720078	480
3529720095	1100
3529720104	1440
3529720177	100
3529720190	2320
3529720291	1720
3529720303	1340
3529720309	2040
3529720367	400
3529720401	7200
3529720440	2900
3529720476	620
3529720509	1520
3529720550	3320
3529720712	2900
3529720741	2760
3529720745	260
3529720768	1620
3529720777	440
3529720890	620
3529720934	1100
3529720941	2560
3529721148	2260
3529721171	1340
3529721293	160
3529721389	4060
3529721499	360
3529721536	520
3529721582	480
3529721749	700
3529721796	3620
3529721814	4860
3529721818	1420
3529721818	2740
3529721876	660
3529721877	3720
3529721884	3640
3529721904	7560
3529721925	200
3529721952	400
3529721988	1440
3529722021	5180
3529722067	680
3529722072	880
3529722178	320
3529722201	420
3529722211	1460
3529722246	260
3529722247	1500
3529722269	2020
3529722298	6480
3529722321	960
3529722350	1880
3529722401	4360
3529722520	120
3529722562	4000
3529722573	1080
3529722665	1520
3529722679	6800
3529722732	1480
3529722780	2340
3529722783	400
3529722820	1260
3529722832	380
3529722846	2560
3529722946	2540
3529722947	980
3529722962	400
3529722986	960
3529722992	700
3529723165	3520
3529723258	480
3529723269	2440
3529723321	9160
3529723368	2840
3529723372	3700
3529723389	440
3529723552	1740
3529723563	1620
3529723624	1220
3529723706	160
3529723875	2760
3529723952	3740
3529723973	5600
3529723990	680
3529723990	2240
3529724001	6780
3529724021	560
3529724023	1360
3529724087	3020
3529724095	5480
3529724108	3480
3529724244	2380
3529724490	1900
3529724506	2300
3529724572	540
3529724665	5880
3529724734	1740
3529724771	220
3529724816	200
3529724859	980
3529724869	780
3529724896	2020
3529724932	1440
3529724946	1060
3529725015	3000
3529725032	1260
3529725183	500
3529725184	5960
3529725256	1180
3529725380	4280
3529725391	5280
3529725422	360
3529725438	1080
3529725562	800
3529725600	4600
3529725618	320
3529725782	2760
3529725785	6300
3529725861	13340
3529725929	2260
3529725999	3780
3529726018	1620
3529726096	80
3529726108	760
3529726182	1460
3529726234	220
3529726300	280
3529726432	980
3529726473	9500
3529726504	3320
3529726509	2200
3529726546	3640
3529726623	740
3529726743	220
3529726776	1280
3529726779	1120
3529726795	3260
3529726802	1320
3529726845	1080
3529726956	10400
3529726973	1160
3529727024	720
3529727032	5620
3529727038	1240
3529727047	8640
3529727089	3120
3529727091	2420
3529727125	1260
3529727165	5820
3529727194	2560
3529727204	1440
3529727244	2900
3529727313	2060
3529727318	580
3529727370	220
3529727419	2160
3529727482	240
3529727488	140
3529727510	460
3529727536	2440
3529727542	100
3529727609	680
3529727613	4880
3529727638	5500
3529727729	460
3529727750	3040
3529727769	560
3529727820	2120
3529727838	1240
3529727892	1760
3529727897	3340
3529727906	380
3529727930	500
3529727990	120
3529728064	4660
3529728140	4460
3529728177	2060
3529728253	2180
3529728264	1020
3529728316	1660
3529728360	2140
3529728371	4020
3529728404	380
3529728428	360
3529728433	4080
3529728530	560
3529728537	660
3529728553	9720
3529728729	1520
3529728786	2060
3529728855	1820
3529728886	820
3529728950	2220
3529728957	540
3529729148	1620
3529729151	560
3529729209	940
3529729226	680
3529729263	4920
3529729300	300
3529729318	1020
3529729402	1600
3529729430	600
3529729514	3400
3529729527	4420
3529729532	740
3529729597	1540
3529729734	840
3529729816	400
3529729825	1620
3529729875	740
3529729901	3460
3529729962	2460
3529730071	3460
3529730089	4680
3529730254	1040
3529730392	1640
3529730399	1020
3529730450	3000
3529730591	1000
3529730795	3500
3529730820	560
3529730823	880
3529730916	1360
3529730943	8440
3529730952	2740
3529730990	3320
3529730994	7800
3529731091	1240
3529731253	480
3529731297	3980
3529731306	2680
3529731330	11120
3529731354	280
3529731456	1040
3529731461	700
3529731496	2000
3529731526	8060
3529731548	320
3529731614	120
3529731661	6140
3529731679	1620
3529731693	780
3529731848	3340
3529731991	15280
3529731992	8500
3529731992	2900
3529732035	3280
3529732108	8720
3529732141	4080
3529732338	600
3529732395	3180
3529732522	440
3529732590	4540
3529732593	180
3529732628	7660
3529732664	1980
3529732688	8100
3529732731	8800
3529732760	120
3529732874	1900
3529732918	380
3529733026	3000
3529733059	480
3529733144	3340
3529733222	1600
3529733222	17820
3529733267	1200
3529733295	3860
3529733418	9400
3529733418	1200
3529733440	2240
3529733443	5860
3529733562	1060
3529733578	2360
3529733620	3500
3529733694	540
3529733724	1020
3529733767	5420
3529733803	1860
3529733943	3120
3529733957	680
3529733959	1640
3529734025	700
3529734196	660
3529734388	2820
3529734434	540
3529734491	4060
3529734520	640
3529734542	1060
3529734542	560
3529734571	2260
3529734635	320
3529734725	1380
3529734775	4920
3529734819	3440
3529734819	3640
3529734944	5280
3529734956	2160
3529734965	180
3529734966	2080
3529734979	520
3529734996	4220
3529735068	840
3529735145	420
3529735177	2000
3529735189	5960
3529735232	240
3529735233	2360
3529735262	1200
3529735311	1780
3529735341	6880
3529735346	540
3529735346	560
3529735402	900
3529735419	2900
3529735438	1980
3529735525	500
3529735546	1940
3529735663	1160
3529735726	200
3529735761	1120
3529735771	1180
3529735877	4620
3529735898	2580
3529735916	3200
3529735937	2100
3529735961	2820
3529735993	280
3529736067	1600
3529736086	3240
3529736140	620
3529736288	2920
3529736386	420
3529736531	1160
3529736555	600
3529736618	2960
3529736626	2240
3529736700	160
3529736738	3600
3529736772	1640
3529736810	200
3529736849	5780
3529736851	3600
3529736865	2000
3529736870	2900
3529736870	2880
3529736912	900
3529737000	1540
3529737002	4800
3529737029	7720
3529737060	1440
3529737081	620
3529737085	3240
3529737199	740
3529737214	300
3529737228	240
3529737248	6520
3529737303	4440
3529737347	1940
3529737401	1020
3529737424	1180
3529737477	220
3529737493	3700
3529737497	5460
3529737655	480
3529737685	400
3529737712	1100
3529737744	7020
3529737823	340
3529737879	4080
3529737880	360
3529737954	3240
3529737960	900
3529737988	2400
3529738128	7720
3529738149	120
3529738182	1760
3529738195	220
3529738254	180
3529738357	2600
3529738543	2240
3529738646	960
3529738692	2220
3529738696	280
3529738745	1120
3529738769	1560
3529738772	2200
3529738805	1640
3529738949	1160
3529738962	120
3529738973	1120
3529738976	560
3529739038	1640
3529739054	3520
3529739080	1480
3529739082	120
3529739102	260
3529739121	680
3529739132	2660
3529739159	820
3529739255	1600
3529739366	860
3529739486	8380
3529739517	3340
3529739569	300
3529739605	180
3529739612	840
3529739634	1040
3529739660	3800
3529739728	5140
3529739742	1280
3529739758	860
3529739797	4440
3529739823	460
3529739894	5000
3529739938	1500
3529739953	5020
3529739987	2120
3529739994	1660
3529740004	1260
3529740025	100
3529740095	3680
3529740108	900
3529740154	5960
3529740206	620
3529740312	340
3529740412	1040
3529740452	3040
3529740570	1140
3529740613	5200
3529740650	4540
3529740717	1920
3529740738	800
3529740743	3060
3529740820	3840
3529740830	5760
3529740873	6200
3529741053	340
3529741190	180
3529741226	2200
3529741260	1280
3529741318	440
3529741408	560
3529741428	640
3529741452	1420
3529741456	4460
3529741458	4020
3529741482	1560
3529741519	520
3529741555	960
3529741575	6340
3529741604	1480
3529741629	2380
3529741737	1560
3529741807	340
3529741863	1620
3529741878	580
3529741887	6160
3529742107	1320
3529742124	4160
3529742149	1260
3529742178	2100
3529742217	5040
3529742246	1540
3529742277	560
3529742335	2560
3529742449	1060
3529742529	3900
3529742604	3040
3529742673	3100
3529742727	540
3529742736	3280
3529742741	260
3529742746	3220
3529742761	11600
3529742774	4520
3529742855	760
3529743089	140
3529743102	9280
3529743216	460
3529743244	5660
3529743275	540
3529743277	1080
3529743292	4500
3529743318	5460
3529743359	6600
3529743361	560
3529743530	2260
3529743532	2440
3529743754	4000
3529743763	660
3529743764	2820
3529743895	740
3529743950	360
3529743963	600
3529743983	1800
3529744042	280
3529744122	4100
3529744158	2080
3529744253	6460
3529744345	1380
3529744352	2180
3529744387	4140
3529744459	3180
3529744461	2660
3529744468	4240
3529744469	1280
3529744540	3820
3529744556	3720
3529744570	1980
3529744658	4160
3529744685	740
3529744688	3000
3529744689	160
3529744734	3360
3529744741	1700
3529744795	1760
3529744876	1560
3529744888	3560
3529744898	360
3529744908	3520
3529745187	3860
3529745215	2320
3529745232	4780
3529745243	580
3529745269	6200
3529745272	1620
3529745430	4200
3529745435	2280
3529745439	580
3529745794	4100
3529745823	1540
3529745840	180
3529745900	820
3529745905	1000
3529745917	140
3529745924	7700
3529746031	2320
3529746120	3700
3529746123	4720
3529746150	1520
3529746227	2060
3529746316	540
3529746532	3820
3529746569	140
3529746573	380
3529746653	1760
3529746768	11160
3529746784	4160
3529746827	5000
3529746879	520
3529746880	2280
3529747053	5680
3529747120	15900
3529747138	140
3529747188	1480
3529747264	640
3529747347	2860
3529747373	2260
3529747458	460
3529747459	920
3529747524	1220
3529747526	4560
3529747730	2740
3529747733	18240
3529747753	3240
3529747764	400
3529747780	1460
3529747785	300
3529747807	100
3529747835	1380
3529747837	400
3529747934	540
3529747996	3340
3529748021	2900
3529748099	340
3529748160	340
3529748209	720
3529748239	1200
3529748314	220
3529748370	200
3529748417	4420
3529748459	3760
3529748548	2380
3529748691	3100
3529748741	320
3529748784	19940
3529748946	5460
3529748968	1020
3529748975	1660
3529749020	5760
3529749033	15780
3529749063	200
3529749096	9540
3529749146	1860
3529749154	980
3529749175	2920
3529749203	2720
3529749261	440
3529749279	2980
3529749471	7820
3529749583	5040
3529749610	1460
3529749624	1700
3529749673	1660
3529749690	600
3529749786	2080
3529749880	2700
3529749929	100
3529749944	6640
3529749985	500
3529750105	2680
3529750118	2440
3529750187	1080
3529750232	1340
3529750248	2400
3529750254	740
3529750404	1980
3529750450	240
3529750759	1220
3529750768	4260
3529750816	4640
3529750896	5480
3529750968	1340
3529751133	880
3529751144	1080
3529751222	2520
3529751273	220
3529751273	1200
3529751313	460
3529751366	4020
3529751367	8880
3529751397	1040
3529751411	460
3529751506	1580
3529751618	240
3529751653	760
3529751806	1380
3529751830	1160
3529751839	960
3529751856	480
3529751950	3960
3529752008	2560
3529752010	3320
3529752015	18580
3529752078	200
3529752087	2380
3529752268	4540
3529752487	9820
3529752488	1180
3529752493	360
3529752699	780
3529752815	2280
3529752897	1280
3529752900	7480
3529753029	3800
3529753048	2480
3529753155	700
3529753248	620
3529753310	1620
3529753360	3200
3529753382	640
3529753393	1100
3529753511	480
3529753571	9060
3529753612	1200
3529753626	1560
3529753647	3040
3529753674	7860
3529753709	340
3529753725	1320
3529753746	4400
3529753817	1180
3529753988	1640
3529753992	2340
3529754100	2200
3529754101	320
3529754167	2640
3529754249	360
3529754335	820
3529754514	2000
3529754537	280
3529754557	6340
3529754579	1080
3529754614	4220
3529754653	8380
3529754662	500
3529754721	220
3529754797	2800
3529754840	380
3529754892	320
3529754932	1760
3529754946	520
3529754967	140
3529754988	1160
3529755004	4660
3529755168	1160
3529755302	1540
3529755383	5060
3529755452	2140
3529755502	1600
3529755507	1840
3529755508	3000
3529755528	9820
3529755536	4340
3529755625	680
3529755722	320
3529755748	620
3529755845	2440
3529755938	860
3529756103	3080
3529756125	900
3529756189	1820
3529756248	1520
3529756260	760
3529756292	1880
3529756323	1580
3529756400	360
3529756463	740
3529756551	9460
3529756645	1360
3529756762	960
3529756777	5560
3529756799	1640
3529756807	2140
3529756830	320
3529756881	760
3529756924	2020
3529757200	3880
3529757368	100
3529757535	1200
3529757556	1240
3529757582	1780
3529757586	320
3529757632	140
3529757662	520
3529757854	2360
3529757870	2200
3529757926	4400
3529758031	3420
3529758065	480
3529758074	1880
3529758108	460
3529758206	2460
3529758331	4820
3529758350	500
3529758367	620
3529758371	1600
3529758397	8760
3529758481	140
3529758487	5120
3529758514	1080
3529758564	300
3529758639	6480
3529758643	1220
3529758766	340
3529758770	220
3529758818	3380
3529758924	1520
3529758989	2980
3529759148	1720
3529759161	1700
3529759178	280
3529759203	3060
3529759560	2780
3529759700	560
3529759719	2420
3529759722	1840
3529759977	8160
3529760010	2340
3529760028	660
3529760038	7580
3529760062	1920
3529760066	2060
3529760071	2580
3529760100	4260
3529760106	720
3529760155	1720
3529760185	1420
3529760290	460
3529760402	1180
3529760590	560
3529760628	5100
3529760690	3480
3529760691	4340
3529760692	780
3529760736	480
3529760786	460
3529760835	740
3529760906	340
3529761009	1120
3529761087	1920
3529761095	8880
3529761263	120
3529761277	4340
3529761394	2160
3529761431	1100
3529761464	1480
3529761547	2060
3529761658	1060
3529761872	2280
3529761899	2840
3529762031	1160
3529762166	1640
3529762184	200
3529762329	440
3529762393	240
3529762446	660
3529762451	6020
3529762484	4240
3529762520	5360
3529762595	3300
3529762605	1180
3529762625	2520
3529762674	1240
3529762783	140
3529762794	13640
3529762835	14880
3529762940	1000
3529762956	860
3529763002	1720
3529763005	3680
3529763134	1740
3529763153	140
3529763157	440
3529763197	280
3529763235	1520
3529763249	1200
3529763341	480
3529763350	700
3529763353	520
3529763371	1000
3529763408	3040
3529763473	1760
3529763473	840
3529763513	7180
3529763551	440
3529763602	3900
3529763626	200
3529763702	3320
3529763718	7540
3529763831	180
3529763855	3600
3529763978	2440
3529764028	80
3529764068	3300
3529764074	580
3529764172	780
3529764263	500
3529764327	1220
3529764336	1020
3529764345	760
3529764386	800
3529764409	4520
3529764439	180
3529764446	3680
3529764468	1860
3529764479	540
3529764613	1700
3529764643	5900
3529764655	540
3529764657	1400
3529764669	880
3529764715	3740
3529764752	920
3529764783	140
3529764792	300
3529764829	2980
3529764836	3800
3529764857	2460
3529765018	1300
3529765062	1520
3529765143	260
3529765195	960
3529765198	3040
3529765478	460
3529765587	1340
3529765592	1100
3529765613	580
3529765699	840
3529765704	7640
3529765710	500
3529765782	340
3529765816	6980
3529765845	1680
3529765867	2380
3529765900	3640
3529765927	1800
3529765933	4420
3529765995	880
3529766019	880
3529766113	2900
3529766117	900
3529766132	1040
3529766169	5900
3529766225	2080
3529766236	1280
3529766249	380
3529766271	2040
3529766282	1120
3529766386	1580
3529766471	1900
3529766566	12080
3529766622	1400
3529766627	3580
3529766642	4100
3529766662	420
3529766745	860
3529766757	1020
3529766874	2940
3529766908	1440
3529767027	2340
3529767133	280
3529767155	5600
3529767184	940
3529767254	820
3529767274	2520
3529767431	200
3529767460	1920
3529767484	1420
3529767520	10200
3529767545	40
3529767595	820
3529767638	3920
3529767642	1140
3529767712	5300
3529767726	2520
3529767806	1200
3529767989	300
3529768049	3880
3529768373	2420
3529768491	2320
3529768514	1360
3529768529	1880
3529768607	5440
3529768924	180
3529768930	620
3529768937	200
3529768954	340
3529768973	1600
3529769054	1340
3529769065	3660
3529769072	780
3529769112	2180
3529769165	1580
3529769272	3220
3529769273	2820
3529769330	2320
3529769356	8440
3529769379	2560
3529769388	1040
3529769415	820
3529769422	820
3529769459	1120
3529769522	160
3529769548	280
3529769634	1480
3529769657	1840
3529769675	1980
3529769765	3220
3529769788	4980
3529769842	3260
3529769864	1000
3529769893	7900
3529769895	540
3529769899	400
3529769910	320
3529770008	15460
3529770052	1080
3529770069	880
3529770172	640
3529770179	3240
3529770183	1160
3529770183	800
3529770193	5100
3529770202	200
3529770222	2020
3529770254	1700
3529770350	960
3529770351	2600
3529770354	2300
3529770501	3520
3529770516	3880
3529770586	5180
3529770623	3600
3529770627	3300
3529770751	400
3529770811	960
3529770824	2540
3529770946	18360
3529770955	2600
3529770989	11880
3529771070	100
3529771187	520
3529771190	460
3529771197	1300
3529771198	960
3529771205	200
3529771214	440
3529771231	680
3529771238	7300
3529771312	520
3529771337	580
3529771387	1720
3529771397	1860
3529771403	1760
3529771412	1020
3529771460	1300
3529771505	5420
3529771510	2860
3529771527	1240
3529771560	2120
3529771569	5100
3529771636	2240
3529771636	1000
3529771774	960
3529771825	1060
3529771973	1120
3529771985	520
3529772023	7080
3529772030	120
3529772053	1860
3529772060	1080
3529772067	2300
3529772177	5220
3529772194	260
3529772317	1220
3529772344	1640
3529772454	2080
3529772531	3260
3529772567	1720
3529772624	5000
3529772625	400
3529772631	2500
3529772718	760
3529772724	2180
3529772790	3940
3529772801	620
3529772933	760
3529772939	2400
3529773058	3340
3529773145	1320
3529773263	880
3529773283	1420
3529773324	2600
3529773472	1000
3529773559	100
3529773748	5360
3529773774	1180
3529773844	6700
3529773933	520
3529773953	280
3529773988	1500
3529774019	1940
3529774080	1520
3529774245	1580
3529774357	1320
3529774420	2020
3529774441	380
3529774493	960
3529774536	7340
3529774616	980
3529774782	460
3529774838	680
3529774858	6620
3529774923	1660
3529774964	1780
3529775094	2340
3529775097	140
3529775210	1740
3529775227	1440
3529775230	1520
3529775288	2940
3529775382	6460
3529775414	2100
3529775429	200
3529775442	3000
3529775455	5280
3529775528	2700
3529775548	2200
3529775615	740
3529775652	620
3529775696	4180
3529775785	1340
3529775870	780
3529775977	3080
3529776004	2860
3529776022	2760
3529776035	420
3529776061	4040
3529776147	320
3529776186	1560
3529776319	4040
3529776346	6440
3529776363	240
3529776728	17960
3529776774	340
3529776776	2380
3529776853	1280
3529776928	900
3529776931	1540
3529776977	680
3529777037	3480
3529777105	480
3529777162	880
3529777175	540
3529777191	6360
3529777224	1720
3529777389	2260
3529777540	3660
3529777559	720
3529777568	2520
3529777581	1600
3529777676	4000
3529777693	1440
3529777747	2780
3529777801	300
3529777811	4580
3529777857	10900
3529777967	3300
3529778000	14020
3529778050	1060
3529778067	2380
3529778145	2780
3529778194	2260
3529778231	1440
3529778255	2840
3529778284	3740
3529778286	2240
3529778298	1560
3529778332	740
3529778378	1860
3529778387	4780
3529778413	1940
3529778511	520
3529778514	1900
3529778592	6820
3529778744	3520
3529778891	240
3529779014	160
3529779071	3740
3529779103	1300
3529779112	360
3529779160	400
3529779287	1380
3529779333	1180
3529779334	1000
3529779402	2540
3529779437	2500
3529779570	3020
3529779625	100
3529779625	580
3529779742	1240
3529779748	320
3529779773	1360
3529779796	2860
3529779846	1820
3529779877	120
3529779879	3960
3529779886	2220
3529779888	2140
3529779966	2040
3529779976	500
3529780016	2540
3529780038	2600
3529780046	300
3529780066	4320
3529780075	1080
3529780100	4680
3529780112	3000
3529780150	3660
3529780166	1800
3529780208	660
3529780213	280
3529780224	560
3529780426	640
3529780569	2640
3529780624	240
3529780635	3740
3529780683	4780
3529780718	5000
3529780751	5240
3529780755	1720
3529780895	1420
3529781066	460
3529781096	7180
3529781132	300
3529781201	620
3529781226	140
3529781266	3400
3529781322	520
3529781353	1500
3529781359	5020
3529781368	500
3529781444	1540
3529781454	360
3529781575	6460
3529781612	680
3529781624	660
3529781647	6520
3529781714	2600
3529781771	260
3529781797	2100
3529781809	1040
3529781929	1220
3529782048	1180
3529782101	1500
3529782110	660
3529782154	1260
3529782265	1160
3529782327	920
3529782339	1480
3529782410	920
3529782426	9240
3529782488	3300
3529782489	2440
3529782524	1680
3529782554	540
3529782624	1780
3529782644	300
3529782672	980
3529782753	1200
3529782773	2020
3529782790	140
3529782803	2560
3529782867	2180
3529782886	3420
3529782896	140
3529782920	1160
3529782932	1460
3529783027	540
3529783044	7100
3529783055	10720
3529783094	1100
3529783095	6120
3529783103	3720
3529783126	560
3529783152	860
3529783164	2520
3529783191	2000
3529783269	2720
3529783272	820
3529783285	2040
3529783302	2420
3529783304	4220
3529783317	120
3529783372	1220
3529783399	860
3529783404	1400
3529783426	580
3529783439	2820
3529783541	160
3529783548	4000
3529783726	0
3529783757	300
3529783801	760
3529783853	300
3529783901	1140
3529783999	5260
3529784009	4960
3529784052	320
3529784060	240
3529784076	2000
3529784086	2260
3529784161	2860
3529784190	980
3529784254	4540
3529784295	960
3529784350	1820
3529784451	2340
3529784497	200
3529784554	2860
3529784570	1240
3529784754	3740
3529784781	3400
3529784802	2020
3529784857	560
3529784936	2620
3529784948	800
3529784998	5220
3529785048	1180
3529785087	3260
3529785234	2280
3529785283	1820
3529785318	2200
3529785492	1840
3529785541	480
3529785705	960
3529785754	800
3529785845	460
3529785874	2540
3529786028	4820
3529786053	2700
3529786057	2060
3529786183	160
3529786224	2600
3529786249	380
3529786285	160
3529786444	4200
3529786767	340
3529786778	1300
3529787048	280
3529787065	1340
3529787074	5440
3529787078	16200
3529787104	1120
3529787114	2160
3529787116	4140
3529787146	5220
3529787166	1880
3529787167	4180
3529787186	440
3529787279	220
3529787294	1420
3529787353	5460
3529787375	660
3529787408	800
3529787412	3920
3529787425	120
3529787482	140
3529787497	440
3529787501	1980
3529787526	760
3529787536	2780
3529787570	6020
3529787613	1000
3529787662	1480
3529787670	8440
3529787716	760
3529787788	2460
3529787809	1900
3529787918	240
3529787983	3440
3529788027	1060
3529788049	1560
3529788049	4080
3529788070	7800
3529788173	480
3529788191	1640
3529788247	220
3529788270	340
3529788307	3820
3529788332	2740
3529788340	6140
3529788355	300
3529788358	3240
3529788534	540
3529788560	640
3529788668	460
3529788675	280
3529788685	380
3529788720	440
3529788789	2120
3529788810	360
3529788851	3340
3529788887	9340
3529788917	540
3529788989	4600
3529789007	300
3529789011	980
3529789170	2280
3529789194	3280
3529789205	2100
3529789211	220
3529789216	860
3529789239	1060
3529789322	6280
3529789322	880
3529789324	2280
3529789408	880
3529789453	3160
3529789474	3700
3529789505	5040
3529789572	1080
3529789573	3700
3529789617	2200
3529789663	4020
3529789791	1660
3529789794	1720
3529789837	3680
3529789979	460
3529790064	1080
3529790086	400
3529790138	3220
3529790139	1320
3529790158	4020
3529790219	620
3529790306	440
3529790431	800
3529790449	4600
3529790462	2260
3529790492	2120
3529790509	3200
3529790529	3920
3529790571	8120
3529790579	3600
3529790581	380
3529790650	6020
3529790683	1240
3529790729	2440
3529790814	820
3529790825	1580
3529790887	12080
3529790989	3760
3529791035	180
3529791229	2020
3529791230	7280
3529791336	3480
3529791349	280
3529791421	1580
3529791442	340
3529791516	3220
3529791566	540
3529791665	300
3529791681	5060
3529791735	2120
3529791935	12000
3529791979	3540
3529792110	4020
3529792175	180
3529792267	6000
3529792283	1080
3529792383	2220
3529792513	420
3529792589	4340
3529792634	3180
3529792670	2620
3529792688	3900
3529792725	2420
3529792727	1580
3529792896	480
3529792898	860
3529792910	5700
3529792912	2540
3529792958	3000
3529792960	1260
3529792979	900
3529792995	620
3529793003	3600
3529793029	160
3529793148	940
3529793386	2120
3529793393	2660
3529793407	6320
3529793415	7160
3529793419	2740
3529793420	320
3529793425	540
3529793526	2240
3529793556	780
3529793578	4080
3529793586	2480
3529793599	60
3529793657	1340
3529793660	840
3529793758	5560
3529793777	2460
3529793812	260
3529793823	1200
3529793868	2060
3529793984	8640
3529793998	420
3529794032	0
3529794056	260
3529794086	240
3529794243	660
3529794331	2340
3529794363	400
3529794410	400
3529794419	1280
3529794464	1260
3529794484	1560
3529794567	5900
3529794591	1020
3529794658	180
3529794668	500
3529794681	340
3529794786	820
3529794858	1560
3529794936	1620
3529794978	2640
3529794993	120
3529795022	2400
3529795165	1160
3529795187	1200
3529795279	300
3529795348	220
3529795452	3120
3529795458	7900
3529795471	3440
3529795479	2600
3529795628	11440
3529795644	1340
3529795674	160
3529795680	7240
3529795727	4660
3529795739	280
3529795775	2600
3529795869	2760
3529795917	2940
3529795938	6500
3529795996	4280
3529796025	5300
3529796085	3380
3529796186	3780
3529796188	6220
3529796198	6240
3529796285	580
3529796379	580
3529796396	1060
3529796427	460
3529796488	10900
3529796491	2180
3529796680	2960
3529796749	4300
3529796854	1660
3529796867	1280
3529796928	1260
3529796932	1680
3529796962	640
3529796991	240
3529797006	1720
3529797163	3840
3529797183	1080
3529797206	2740
3529797232	560
3529797241	260
3529797390	1500
3529797404	2220
3529797452	2820
3529797515	1240
3529797557	440
3529797557	8200
3529797618	2480
3529797639	2120
3529797705	880
3529797789	160
3529797836	6580
3529797839	760
3529797943	300
3529798125	960
3529798216	200
3529798238	460
3529798270	3600
3529798297	780
3529798463	2840
3529798467	3220
3529798479	900
3529798509	920
3529798515	4860
3529798538	10100
3529798582	4140
3529798596	960
3529798614	400
3529798626	1360
3529798648	780
3529798652	2340
3529799044	1880
3529799119	360
3529799223	4380
3529799252	1600
3529799267	540
3529799317	5660
3529799445	1260
3529799480	1240
3529799534	720
3529799547	2220
3529799577	380
3529799644	1340
3529799809	140
3529799897	860
3529799904	660
3529799943	3200
3529800092	640
3529800215	4120
3529800221	960
3529800269	3080
3529800274	4840
3529800338	3120
3529800400	680
3529800428	620
3529800432	2220
3529800566	2020
3529800619	680
3529800654	300
3529800747	1220
3529800761	6820
3529800787	2720
3529800889	1500
3529800891	260
3529800911	720
3529800978	5500
3529801102	740
3529801269	2600
3529801329	1080
3529801338	320
3529801394	1280
3529801460	4940
3529801527	240
3529801626	1660
3529801640	5940
3529801664	1860
3529801670	1720
3529801716	3240
3529801719	1700
3529801746	1160
3529801840	520
3529801846	3720
3529801868	380
3529802021	920
3529802024	2140
3529802061	3660
3529802090	460
3529802091	660
3529802094	760
3529802111	120
3529802124	1880
3529802173	860
3529802193	5940
3529802210	540
3529802319	5180
3529802338	1140
3529802382	1920
3529802474	5020
3529802479	4000
3529802574	2060
3529802577	500
3529802610	10000
3529802615	1760
3529802660	1260
3529802737	620
3529802937	2980
3529803006	200
3529803164	2040
3529803192	6100
3529803426	5200
3529803433	1880
3529803437	1600
3529803483	7700
3529803501	1400
3529803533	660
3529803551	80
3529803591	260
3529803601	1740
3529803780	11280
3529803785	1880
3529803812	1080
3529803927	800
3529803941	1780
3529803953	400
3529803957	1420
3529803992	820
3529804057	220
3529804108	400
3529804131	5120
3529804349	2900
3529804352	2180
3529804376	340
3529804442	540
3529804483	380
3529804501	1100
3529804512	4460
3529804543	1300
3529804558	3800
3529804598	5880
3529804632	540
3529804654	1180
3529804666	2520
3529804680	1620
3529804717	4940
3529804772	2540
3529804926	1100
3529804984	4080
3529805225	5840
3529805244	3440
3529805277	740
3529805301	2300
3529805330	9280
3529805399	120
3529805429	6260
3529805482	80
3529805518	3000
3529805601	140
3529805651	440
3529805652	240
3529805704	620
3529805881	1800
3529805919	1060
3529805924	240
3529806038	460
3529806039	1200
3529806053	300
3529806199	3740
3529806241	600
3529806247	2480
3529806288	4900
3529806388	7520
3529806450	720
3529806450	600
3529806463	160
3529806464	3860
3529806468	3140
3529806494	2780
3529806563	2780
3529806568	680
3529806623	5660
3529806685	280
3529806756	160
3529806765	660
3529806816	1180
3529806897	720
3529806902	260
3529806964	420
3529807007	320
3529807019	1000
3529807057	1280
3529807078	4460
3529807086	3140
3529807114	4280
3529807134	440
3529807266	300
3529807306	700
3529807346	680
3529807369	4300
3529807377	3040
3529807388	440
3529807476	380
3529807482	480
3529807512	160
3529807535	600
3529807621	1600
3529807623	2780
3529807636	2200
3529807688	2940
3529807698	3420
3529807711	3160
3529808057	260
3529808126	3040
3529808178	2620
3529808216	2060
3529808219	580
3529808266	11480
3529808288	2920
3529808306	1640
3529808328	4340
3529808499	4520
3529808517	1580
3529808555	680
3529808666	260
3529808671	1960
3529808830	5860
3529808840	160
3529808862	760
3529808880	6780
3529808917	1440
3529808986	1140
3529809034	1480
3529809062	440
3529809065	2920
3529809075	160
3529809075	920
3529809101	120
3529809152	4600
3529809221	1560
3529809264	320
3529809274	1160
3529809278	4680
3529809362	1200
3529809375	1060
3529809481	1000
3529809563	2440
3529809722	640
3529810017	1500
3529810099	560
3529810133	3660
3529810213	5040
3529810251	3160
3529810341	2160
3529810369	740
3529810457	740
3529810494	460
3529810498	5400
3529810505	4740
3529810539	13140
3529810549	720
3529810576	3040
3529810730	2080
3529810767	800
3529810795	100
3529810808	1220
3529810918	2380
3529810936	520
3529811032	100
3529811060	1380
3529811100	1920
3529811282	420
3529811290	18800
3529811315	6920
3529811349	2580
3529811498	2860
3529811507	820
3529811558	1480
3529811658	780
3529811660	1020
3529811695	5340
3529811727	780
3529811763	3080
3529811822	380
3529811923	1260
3529811937	700
3529811944	4680
3529812000	1560
3529812015	3480
3529812063	1180
3529812098	3240
3529812162	440
3529812169	4680
3529812220	1500
3529812223	500
3529812224	1740
3529812238	980
3529812242	2900
3529812303	200
3529812392	1860
3529812480	800
3529812524	7140
3529812574	260
3529812578	6280
3529812699	160
3529812700	1600
3529812865	2700
3529812900	340
3529812927	80
3529812968	3400
3529812993	11420
3529813003	580
3529813043	660
3529813049	1000
3529813111	6840
3529813143	3380
3529813250	3380
3529813260	260
3529813462	640
3529813595	2700
3529813614	740
3529813664	820
3529813682	2700
3529813689	1060
3529813706	1700
3529813737	280
3529813742	1020
3529813790	380
3529813919	340
3529814076	4880
3529814086	760
3529814124	1000
3529814200	2060
3529814347	720
3529814365	520
3529814410	4760
3529814473	960
3529814582	660
3529814649	980
3529814747	580
3529814749	380
3529814795	340
3529814798	1020
3529814824	1440
3529814827	480
3529814914	140
3529814918	180
3529815023	1360
3529815063	3860
3529815107	1560
3529815230	1120
3529815254	1900
3529815278	3520
3529815322	2960
3529815357	5520
3529815365	7440
3529815428	4660
3529815495	1140
3529815516	1740
3529815559	3100
3529815627	3840
3529815747	1280
3529815789	2340
3529815800	4420
3529815827	3120
3529815887	1420
3529815938	1280
3529815942	4780
3529816104	2520
3529816114	6840
3529816169	800
3529816222	4400
3529816239	3100
3529816262	900
3529816295	5660
3529816345	3280
3529816464	4640
3529816473	200
3529816509	5180
3529816822	1740
3529816836	1680
3529816850	1100
3529816881	3440
3529816963	5900
3529816965	1740
3529816992	1460
3529816996	540
3529817006	1140
3529817034	1080
3529817074	1600
3529817085	440
3529817225	2460
3529817242	3280
3529817261	760
3529817264	300
3529817281	1560
3529817415	740
3529817507	540
3529817591	2940
3529817598	9520
3529817611	160
3529817698	1760
3529817701	2680
3529817709	200
3529817793	280
3529817849	3000
3529817912	2860
3529817941	2900
3529818190	10440
3529818376	2580
3529818380	1520
3529818465	520
3529818498	1520
3529818505	720
3529818582	4700
3529818613	1320
3529818664	3500
3529818707	2400
3529818812	2220
3529819162	820
3529819170	2160
3529819200	540
3529819289	5760
3529819353	4060
3529819362	840
3529819434	3440
3529819436	6160
3529819504	520
3529819529	140
3529819535	1860
3529819548	3640
3529819584	1860
3529819589	1240
3529819661	1140
3529819755	3100
3529819839	1400
3529819854	1980
3529819857	560
3529819919	1860
3529819927	480
3529819998	1660
3529820003	1140
3529820051	2720
3529820068	1840
3529820146	1440
3529820169	1560
3529820214	620
3529820236	520
3529820265	800
3529820382	8680
3529820404	6300
3529820428	260
3529820453	1080
3529820630	2420
3529820692	2680
3529820714	1900
3529820787	6980
3529820931	10340
3529820990	380
3529821043	1140
3529821096	660
3529821182	2780
3529821187	3440
3529821202	4000
3529821414	500
3529821434	6100
3529821571	1060
3529821601	3080
3529821683	640
3529821696	720
3529821812	3380
3529821831	660
3529822021	300
3529822071	2380
3529822155	1060
3529822164	4540
3529822264	700
3529822338	200
3529822383	100
3529822428	13700
3529822452	1800
3529822453	1120
3529822486	4480
3529822498	260
3529822520	1860
3529822542	4440
3529822609	2240
3529822644	500
3529822697	4340
3529822746	1840
3529822753	340
3529822757	1240
3529822890	3900
3529822923	1120
3529822984	2780
3529822991	3680
3529823174	2760
3529823197	420
3529823199	3120
3529823255	720
3529823275	980
3529823284	500
3529823355	1420
3529823427	3820
3529823635	2260
3529823648	1820
3529823761	320
3529823770	2160
3529823818	720
3529823916	1240
3529824076	1340
3529824089	7060
3529824132	1580
3529824215	500
3529824297	3500
3529824441	7860
3529824503	760
3529824588	400
3529824710	4380
3529824766	1680
3529824830	8120
3529824852	2260
3529824915	560
3529825044	1960
3529825083	2460
3529825250	140
3529825277	980
3529825348	120
3529825359	540
3529825370	3080
3529825449	240
3529825488	760
3529825518	880
3529825531	100
3529825648	3380
3529825680	11780
3529825696	1540
3529825724	200
3529825784	3160
3529825888	1140
3529825977	880
3529826088	520
3529826122	1640
3529826168	260
3529826186	1300
3529826189	7780
3529826231	440
3529826232	2280
3529826258	100
3529826305	2800
3529826307	840
3529826374	160
3529826379	3020
3529826449	900
3529826450	860
3529826483	2720
3529826487	380
3529826563	640
3529826589	240
3529826603	2680
3529826687	4040
3529826694	1240
3529826798	7200
3529826838	880
3529826856	540
3529826917	1240
3529826934	3520
3529826944	3820
3529827010	3320
3529827035	4440
3529827116	3460
3529827142	500
3529827275	1060
3529827294	160
3529827299	100
3529827407	1780
3529827482	2320
3529827550	3340
3529827664	180
3529827695	3220
3529827716	2900
3529827718	13740
3529827800	460
3529827800	2740
3529827806	2140
3529827824	320
3529828004	880
3529828184	580
3529828195	200
3529828204	2920
3529828227	2840
3529828273	620
3529828436	2100
3529828482	3440
3529828496	380
3529828508	920
3529828556	1820
3529828612	3120
3529828637	460
3529828720	2240
3529828744	1780
3529828758	3020
3529828768	3020
3529828769	1820
3529828833	2780
3529828887	2240
3529828950	760
3529828999	1780
3529829026	8860
3529829031	5860
3529829039	1660
3529829102	1740
3529829205	1680
3529829278	1440
3529829368	640
3529829383	1020
3529829419	720
3529829437	860
3529829508	1580
3529829554	340
3529829621	3100
3529829730	260
3529829784	360
3529829825	3320
3529829861	3060
3529829976	1680
3529829990	2560
3529830083	2000
3529830093	260
3529830115	1120
3529830116	2640
3529830167	400
3529830171	13500
3529830201	2220
3529830227	5280
3529830262	1500
3529830288	5040
3529830409	1600
3529830422	1600
3529830486	140
3529830669	4020
3529830757	1100
3529830798	1100
3529830937	1440
3529831091	1540
3529831094	140
3529831194	580
3529831207	4300
3529831219	1940
3529831359	9280
3529831379	100
3529831406	620
3529831494	4780
3529831552	3520
3529831630	420
3529831668	560
3529831708	2600
3529831739	6960
3529831832	2480
3529831902	3600
3529831997	2700
3529832016	2800
3529832033	2280
3529832057	1200
3529832111	740
3529832147	3880
3529832334	680
3529832404	2560
3529832456	1660
3529832493	280
3529832551	940
3529832635	140
3529832641	13500
3529832684	240
3529832725	10100
3529832760	1060
3529832827	540
3529832982	2020
3529833034	3800
3529833062	1660
3529833234	480
3529833365	1340
3529833387	3400
3529833389	4700
3529833473	2100
3529833480	960
3529833519	980
3529833558	3800
3529833573	1100
3529833579	1980
3529833767	2500
3529833839	9620
3529833896	160
3529833927	500
3529833985	2620
3529834005	1500
3529834130	1060
3529834137	1080
3529834180	1080
3529834284	1260
3529834334	10580
3529834395	120
3529834399	500
3529834414	2180
3529834435	14880
3529834478	1060
3529834790	520
3529834836	1340
3529835100	480
3529835101	1640
3529835202	1560
3529835230	4820
3529835239	1980
3529835341	980
3529835373	4300
3529835385	4360
3529835447	2440
3529835475	2280
3529835545	360
3529835546	2220
3529835643	1080
3529835665	1160
3529835711	3500
3529835754	1880
3529835757	1220
3529835783	7380
3529835814	1900
3529835830	560
3529835975	340
3529836017	1180
3529836018	1520
3529836064	260
3529836362	2040
3529836491	1020
3529836584	860
3529836590	3420
3529836635	3680
3529836908	140
3529836943	880
3529837013	360
3529837063	480
3529837160	7160
3529837235	4360
3529837252	2560
3529837263	2460
3529837328	780
3529837418	2180
3529837612	300
3529837640	1260
3529837822	840
3529837847	840
3529837878	3080
3529837960	820
3529838004	1780
3529838019	3800
3529838059	840
3529838100	2260
3529838132	1180
3529838209	1040
3529838248	480
3529838284	3540
3529838376	280
3529838396	560
3529838525	160
3529838556	2640
3529838565	720
3529838653	1900
3529838677	1660
3529838723	580
3529838725	520
3529838793	80
3529838826	1800
3529838893	1260
3529839038	2560
3529839103	1260
3529839182	3100
3529839182	1060
3529839246	9300
3529839296	3280
3529839371	240
3529839464	1700
3529839483	180
3529839529	2740
3529839563	5420
3529839567	260
3529839578	680
3529839587	5560
3529839591	340
3529839601	820
3529839682	7240
3529839797	1060
3529839855	600
3529839879	1260
3529839890	2900
3529839931	4280
3529839954	1280
3529839969	500
3529839977	3800
3529840002	4260
3529840021	760
3529840027	2460
3529840113	1520
3529840205	4100
3529840263	3140
3529840374	2060
3529840388	5020
3529840423	2460
3529840423	7040
3529840474	2300
3529840545	880
3529840561	380
3529840635	840
3529840662	1020
3529840772	1580
3529840895	340
3529840897	3020
3529840913	820
3529840940	7400
3529840963	1440
3529840964	6940
3529841168	1300
3529841210	2500
3529841332	2980
3529841364	4680
3529841478	660
3529841493	4660
3529841523	1080
3529841547	240
3529841556	220
3529841680	6560
3529841715	900
3529841733	280
3529841762	260
3529841825	2080
3529841872	2120
3529841877	3300
3529841894	960
3529841985	8100
3529842001	180
3529842007	320
3529842015	6200
3529842059	1060
3529842119	9300
3529842216	5720
3529842297	6200
3529842336	2360
3529842352	1140
3529842527	540
3529842565	2280
3529842645	460
3529842683	5020
3529842689	960
3529842786	14380
3529842808	1000
3529842877	1080
3529842878	1380
3529842976	1660
3529843139	2180
3529843185	860
3529843199	3780
3529843227	2040
3529843267	1300
3529843300	280
3529843444	280
3529843450	1580
3529843481	2880
3529843585	1780
3529843599	1220
3529843607	1140
3529843645	6300
3529843734	120
3529843746	5900
3529843751	6060
3529843774	160
3529843829	880
3529843838	2700
3529843865	1260
3529843895	840
3529844023	540
3529844025	740
3529844033	8240
3529844041	2860
3529844063	400
3529844089	1080
3529844146	2740
3529844241	400
3529844341	1560
3529844378	7540
3529844414	6080
3529844483	140
3529844565	120
3529844601	2840
3529844648	2560
3529844684	540
3529844686	1220
3529844735	800
3529844859	3640
3529845040	120
3529845094	2660
3529845127	1200
3529845130	700
3529845249	820
3529845275	1480
3529845323	4960
3529845403	2220
3529845412	3080
3529845423	480
3529845430	820
3529845466	5820
3529845485	220
3529845515	1380
3529845594	6380
3529845707	6340
3529845715	1900
3529845715	1020
3529845761	1200
3529845820	1440
3529845825	5940
3529845859	1440
3529845888	5420
3529845911	3140
3529845988	2160
3529845992	8300
3529846021	1960
3529846043	3700
3529846047	1560
3529846084	1340
3529846087	4920
3529846091	2640
3529846124	1980
3529846127	240
3529846142	1560
3529846170	740
3529846212	440
3529846238	980
3529846259	5680
3529846312	3100
3529846327	1460
3529846341	360
3529846376	12580
3529846790	2400
3529846798	400
3529846807	360
3529847046	1340
3529847058	340
3529847136	800
3529847161	3500
3529847188	2140
3529847268	5520
3529847277	1820
3529847337	8780
3529847340	360
3529847367	1880
3529847406	2700
3529847415	2280
3529847417	800
3529847453	1060
3529847458	1840
3529847491	2160
3529847501	640
3529847521	2260
3529847532	3460
3529847537	6800
3529847636	5440
3529847641	640
3529847672	800
3529847693	5640
3529847751	5640
3529847756	8620
3529847801	1640
3529847823	3920
3529847843	2300
3529847906	880
3529847971	720
3529847983	2020
3529848022	1180
3529848040	4060
3529848063	4120
3529848278	3580
3529848315	3400
3529848336	4800
3529848354	3940
3529848463	2020
3529848502	760
3529848519	160
3529848531	1860
3529848594	1440
3529848618	3300
3529848629	2780
3529848729	2140
3529848741	560
3529848749	660
3529848822	580
3529848884	6160
3529849008	100
3529849020	1460
3529849059	1460
3529849072	440
3529849097	5020
3529849147	3940
3529849171	880
3529849199	1480
3529849212	220
3529849299	4200
3529849317	13360
3529849323	3720
3529849356	1660
3529849397	5460
3529849405	500
3529849426	1560
3529849466	2500
3529849494	3320
3529849553	240
3529849640	4940
3529849726	1040
3529849732	1480
3529849744	2380
3529849778	4440
3529849797	2560
3529849909	3880
3529850019	200
3529850062	840
3529850106	1440
3529850206	220
3529850212	440
3529850314	620
3529850387	260
3529850404	420
3529850621	980
3529850706	740
3529850724	1080
3529850779	400
3529850884	2320
3529851003	1400
3529851048	2240
3529851139	1860
3529851148	1160
3529851219	1560
3529851381	900
3529851396	2060
3529851557	3680
3529851615	2740
3529851712	200
3529851770	280
3529851978	2520
3529851995	660
3529852071	3900
3529852121	1840
3529852121	3360
3529852253	3640
3529852369	2280
3529852411	1680
3529852413	1140
3529852589	2140
3529852596	3680
3529852747	3700
3529852816	3160
3529853004	4160
3529853012	820
3529853014	4000
3529853018	500
3529853022	340
3529853028	4020
3529853058	10860
3529853103	4160
3529853118	140
3529853169	3560
3529853184	1200
3529853220	1520
3529853248	140
3529853269	1100
3529853344	920
3529853350	340
3529853355	4440
3529853367	7880
3529853397	1600
3529853402	2640
3529853431	2780
3529853475	3720
3529853498	1320
3529853502	260
3529853601	4780
3529853634	560
3529853684	3840
3529853731	4700
3529853754	1540
3529853782	400
3529853913	240
3529854089	2600
3529854130	520
3529854133	540
3529854280	12960
3529854350	980
3529854371	3140
3529854401	8120
3529854420	2180
3529854437	400
3529854511	680
3529854551	740
3529854563	3340
3529854564	280
3529854583	160
3529854596	620
3529854684	400
3529854702	1000
3529854736	320
3529854777	13060
3529854865	2820
3529854868	760
3529854870	800
3529854871	8160
3529854919	760
3529854944	2920
3529854951	1500
3529854997	1240
3529855027	220
3529855064	4160
3529855069	1940
3529855126	4240
3529855132	1420
3529855159	5000
3529855184	7120
3529855293	2140
3529855436	1580
3529855468	300
3529855480	300
3529855529	4120
3529855603	1760
3529855709	260
3529855815	2160
3529855861	520
3529855865	420
3529855916	2380
3529855998	980
3529856036	4760
3529856054	1180
3529856249	900
3529856264	3500
3529856292	2940
3529856294	1580
3529856297	1320
3529856332	680
3529856512	2300
3529856534	1220
3529856587	1640
3529856604	4440
3529856706	2320
3529856732	1740
3529856754	460
3529856756	560
3529856775	140
3529856899	240
3529856962	480
3529857046	540
3529857150	960
3529857180	880
3529857381	1920
3529857418	6860
3529857460	4320
3529857461	2840
3529857499	120
3529857563	960
3529857634	1820
3529857669	3080
3529857708	3780
3529857710	3800
3529857776	2500
3529857957	620
3529857965	2680
3529858032	460
3529858037	660
3529858238	5300
3529858331	3160
3529858333	160
3529858395	3840
3529858428	2600
3529858524	540
3529858546	4220
3529858552	160
3529858585	1900
3529858609	1340
3529858638	7680
3529858709	200
3529858727	2860
3529858745	1560
3529858774	140
3529858895	720
3529859053	1040
3529859243	11120
3529859256	4060
3529859293	2920
3529859299	2840
3529859332	11560
3529859347	720
3529859369	1160
3529859440	2280
3529859562	240
3529859575	2800
3529859592	1040
3529859594	1020
3529859674	6260
3529859701	1220
3529859750	320
3529859776	660
3529859782	2040
3529859886	700
3529859922	3420
3529860111	400
3529860156	1080
3529860372	140
3529860384	1760
3529860389	3020
3529860390	420
3529860424	400
3529860439	1820
3529860525	1420
3529860556	1440
3529860609	1660
3529860668	260
3529860738	1260
3529860856	1380
3529860935	5420
3529861004	1860
3529861067	500
3529861072	440
3529861132	1100
3529861274	3260
3529861297	160
3529861337	3240
3529861348	1200
3529861437	3160
3529861441	3180
3529861461	140
3529861539	1580
3529861549	340
3529861598	4380
3529861637	4740
3529861654	2200
3529861713	1240
3529861862	260
3529861885	9100
3529861898	1420
3529861944	780
3529862022	3460
3529862086	1380
3529862198	280
3529862203	980
3529862247	1360
3529862460	4300
3529862598	560
3529862613	1280
3529862696	140
3529862759	2320
3529862796	2960
3529862807	4240
3529862813	1960
3529862834	1040
3529863026	540
3529863152	140
3529863219	300
3529863227	260
3529863229	240
3529863258	1200
3529863301	2080
3529863363	6640
3529863453	920
3529863481	240
3529863482	460
3529863620	4600
3529863747	2800
3529863799	1440
3529863887	360
3529863901	3140
3529863908	2760
3529863917	14780
3529863927	2860
3529863930	1800
3529863994	820
3529864078	720
3529864276	3440
3529864355	5260
3529864357	260
3529864361	1560
3529864403	600
3529864448	1980
3529864457	3280
3529864569	180
3529864572	640
3529864643	280
3529864653	620
3529864662	1180
3529864713	4080
3529864850	5700
3529864956	1020
3529865017	1960
3529865084	2340
3529865118	2660
3529865125	240
3529865165	100
3529865191	1100
3529865215	1300
3529865301	1900
3529865310	260
3529865317	120
3529865387	3340
3529865403	300
3529865416	240
3529865450	1800
3529865468	2660
3529865494	2040
3529865806	920
3529865816	2620
3529865849	320
3529865851	500
3529865876	6860
3529865883	240
3529865925	1440
3529865941	5480
3529865959	3520
3529866059	400
3529866093	2020
3529866102	140
3529866132	400
3529866168	2040
3529866191	1140
3529866302	480
3529866354	7100
3529866366	1060
3529866427	3480
3529866442	1820
3529866697	4320
3529866716	700
3529866723	2780
3529866730	460
3529866821	2660
3529866833	440
3529866870	5000
3529866900	1840
3529867004	2500
3529867026	2980
3529867032	500
3529867077	2760
3529867122	4380
3529867297	240
3529867303	3920
3529867333	780
3529867352	720
3529867369	3820
3529867382	2440
3529867427	8520
3529867442	1600
3529867459	1500
3529867483	1080
3529867523	660
3529867668	780
3529867712	920
3529867717	2240
3529867727	220
3529867746	140
3529867775	2340
3529867802	5080
3529867958	2320
3529867975	1340
3529868010	700
3529868081	13000
3529868169	360
3529868189	80
3529868281	13000
3529868340	3380
3529868353	600
3529868356	3360
3529868432	5360
3529868458	2700
3529868519	960
3529868549	2860
3529868571	8860
3529868622	1380
3529868627	2840
3529868640	500
3529868669	1760
3529868710	7760
3529868741	1760
3529868848	1300
3529868918	400
3529869003	1020
3529869044	920
3529869070	760
3529869105	3400
3529869122	1680
3529869122	100
3529869131	3100
3529869145	6600
3529869177	680
3529869222	900
3529869274	1220
3529869368	9880
3529869395	160
3529869428	840
3529869463	260
3529869521	1060
3529869689	2240
3529869719	3660
3529869727	6940
3529869760	420
3529869841	18280
3529869863	1020
3529869973	2760
3529869975	2220
3529869979	1860
3529870105	2500
3529870109	4340
3529870159	860
3529870166	1280
3529870181	400
3529870323	11240
3529870326	1480
3529870359	1640
3529870394	3860
3529870418	1220
3529870569	100
3529870595	9080
3529870656	4660
3529870663	560
3529870706	3460
3529870732	2380
3529870900	2500
3529870964	1060
3529870978	3820
3529870983	4540
3529871067	3980
3529871070	3480
3529871141	2940
3529871154	1740
3529871167	4400
3529871216	600
3529871294	740
3529871374	1880
3529871385	440
3529871388	460
3529871434	3480
3529871475	680
3529871543	1220
3529871554	680
3529871901	140
3529871938	1260
3529871979	1700
3529872016	1540
3529872051	480
3529872141	1540
3529872311	7800
3529872338	800
3529872417	2760
3529872431	820
3529872501	260
3529872592	1380
3529872706	5160
3529872768	1820
3529872770	2340
3529872870	220
3529872997	2080
3529873004	360
3529873044	1520
3529873060	6940
3529873078	3020
3529873097	1720
3529873275	1760
3529873378	9200
3529873423	1140
3529873577	5680
3529873615	2220
3529873746	800
3529873799	1660
3529873901	2720
3529873922	4700
3529873981	3660
3529874024	3620
3529874038	300
3529874242	2420
3529874258	2820
3529874301	3720
3529874306	5580
3529874392	2700
3529874434	680
3529874435	300
3529874548	1340
3529874649	880
3529874692	280
3529874770	6780
3529874798	860
3529874949	2300
3529875061	1620
3529875109	300
3529875138	2860
3529875189	2460
3529875207	3920
3529875251	400
3529875310	1220
3529875351	4940
3529875363	560
3529875454	1700
3529875456	1280
3529875567	2220
3529875588	780
3529875611	540
3529875630	2140
3529875730	320
3529875737	2120
3529875810	480
3529875886	680
3529875939	2660
3529875961	3000
3529875997	340
3529876016	480
3529876032	440
3529876036	4920
3529876074	500
3529876108	1160
3529876152	1500
3529876187	560
3529876220	2680
3529876295	3880
3529876379	240
3529876384	1560
3529876478	1120
3529876490	240
3529876695	1740
3529876808	2160
3529876855	2480
3529877069	1580
3529877107	980
3529877242	3000
3529877249	380
3529877268	200
3529877272	180
3529877286	860
3529877305	3180
3529877343	1640
3529877420	520
3529877444	2020
3529877461	340
3529877538	420
3529877565	3500
3529877590	1540
3529877615	700
3529877677	600
3529877709	2000
3529877711	120
3529877720	1160
3529877736	1980
3529877821	740
3529877867	2020
3529878015	920
3529878019	340
3529878153	940
3529878290	1120
3529878373	1680
3529878463	1240
3529878489	1280
3529878501	6280
3529878672	18000
3529878698	180
3529878717	640
3529878752	460
3529878780	1740
3529878842	2960
3529878910	2700
3529878925	300
3529878942	180
3529878960	880
3529878971	3500
3529879014	1880
3529879031	1880
3529879226	1240
3529879348	220
3529879374	4920
3529879378	2400
3529879394	1080
3529879409	300
3529879512	3700
3529879604	140
3529879704	580
3529879721	500
3529879806	440
3529879857	2760
3529879862	3520
3529879927	1280
3529879937	1060
3529879944	160
3529880009	2980
3529880160	4820
3529880338	8840
3529880359	300
3529880398	1520
3529880517	2120
3529880588	560
3529880639	1640
3529880701	3220
3529880721	3500
3529880730	7120
3529880740	540
3529880943	480
3529881203	160
3529881253	2920
3529881334	360
3529881347	520
3529881391	5740
3529881412	5760
3529881520	2220
3529881546	2860
3529881557	620
3529881589	11740
3529881628	680
3529881633	8620
3529881644	8860
3529881684	1220
3529881693	4560
3529881712	960
3529881831	5320
3529882042	1380
3529882074	220
3529882101	200
3529882202	5740
3529882223	2580
3529882360	1600
3529882369	400
3529882384	320
3529882440	120
3529882441	620
3529882512	1520
3529882558	1880
3529882593	1680
3529882618	940
3529882704	1480
3529882728	2520
3529882741	5380
3529882847	760
3529882863	1600
3529882895	900
3529882897	140
3529882992	180
3529883001	2000
3529883129	3860
3529883157	560
3529883243	4480
3529883276	700
3529883285	180
3529883292	2220
3529883301	5700
3529883315	2740
3529883320	1040
3529883343	60
3529883377	2940
3529883381	1740
3529883413	3860
3529883434	5500
3529883458	2920
3529883482	1380
3529883592	1500
3529883733	460
3529883733	540
3529883838	820
3529883873	7560
3529883963	2260
3529883992	440
3529884025	660
3529884053	420
3529884099	400
3529884114	3740
3529884125	6700
3529884191	2760
3529884193	6380
3529884255	320
3529884397	1060
3529884400	3840
3529884460	1660
3529884475	1060
3529884591	3640
3529884616	180
3529884725	2180
3529884751	2020
3529884882	3820
3529884885	340
3529885145	2000
3529885175	2880
3529885182	740
3529885245	1960
3529885283	7680
3529885292	3360
3529885371	580
3529885412	5100
3529885487	460
3529885571	160
3529885588	760
3529885635	440
3529885666	760
3529885789	600
3529885857	8420
3529885985	2880
3529886050	1060
3529886051	4200
3529886130	840
3529886174	2580
3529886189	3420
3529886206	940
3529886224	3740
3529886347	2280
3529886454	2020
3529886463	640
3529886527	10280
3529886564	3040
3529886580	980
3529886662	1920
3529886683	2740
3529886795	1280
3529886820	1120
3529886861	1160
3529886909	900
3529886919	1580
3529886925	6500
3529886931	400
3529886954	14100
3529887022	1820
3529887045	1520
3529887245	1240
3529887301	1540
3529887305	480
3529887314	240
3529887350	3340
3529887578	2300
3529887593	160
3529887662	240
3529887698	4600
3529887752	1020
3529887790	6120
3529887890	1080
3529887893	400
3529887945	580
3529887945	1240
3529888092	640
3529888112	980
3529888164	1080
3529888179	1280
3529888237	3580
3529888302	4760
3529888303	320
3529888310	2860
3529888328	840
3529888343	4040
3529888382	4280
3529888397	1860
3529888461	19000
3529888474	460
3529888506	1660
3529888591	4180
3529888599	8680
3529888608	2620
3529888643	620
3529888776	340
3529889011	1540
3529889085	3660
3529889098	2220
3529889106	960
3529889176	100
3529889247	6280
3529889263	3420
3529889464	140
3529889506	1320
3529889571	3060
3529889605	300
3529889707	2540
3529889752	720
3529889798	1380
3529889837	120
3529889853	2040
3529889862	840
3529889920	6400
3529890006	540
3529890082	1280
3529890087	1000
3529890107	780
3529890112	2200
3529890115	6100
3529890127	780
3529890217	1660
3529890228	1880
3529890228	2980
3529890255	240
3529890284	1420
3529890334	5660
3529890351	740
3529890424	500
3529890433	1520
3529890442	4140
3529890451	400
3529890459	2040
3529890530	1500
3529890542	240
3529890601	4800
3529890610	7820
3529890660	2580
3529890687	1660
3529890788	3480
3529890799	6400
3529890938	560
3529890960	360
3529890971	1180
3529891070	140
3529891187	400
3529891189	820
3529891203	6500
3529891287	800
3529891399	1960
3529891439	2020
3529891475	2880
3529891476	7920
3529891507	1240
3529891574	1920
3529891681	7840
3529891769	540
3529891790	120
3529891823	2440
3529891861	700
3529892101	2800
3529892118	720
3529892140	880
3529892246	6840
3529892375	560
3529892452	2760
3529892491	800
3529892517	1760
3529892528	1200
3529892580	3660
3529892590	1840
3529892594	1500
3529892624	560
3529892629	2920
3529892668	1660
3529892674	580
3529892677	4160
3529892698	1520
3529892701	1820
3529892943	7780
3529892996	2220
3529893022	2060
3529893181	880
3529893309	2260
3529893326	4620
3529893355	220
3529893357	1280
3529893415	220
3529893451	340
3529893452	860
3529893518	2800
3529893531	2740
3529893537	1920
3529893542	320
3529893554	880
3529893564	280
3529893618	2160
3529893702	560
3529893703	2180
3529893799	1200
3529893829	640
3529893890	3100
3529893892	7820
3529893929	1880
3529893958	2240
3529894002	6740
3529894040	600
3529894231	160
3529894270	4100
3529894325	5280
3529894355	2600
3529894486	10220
3529894517	1860
3529894525	400
3529894658	2140
3529894798	900
3529894923	16480
3529894926	4040
3529894935	1020
3529894938	2660
3529894971	1440
3529895087	2600
3529895126	1520
3529895154	2440
3529895228	140
3529895232	2480
3529895241	220
3529895394	4700
3529895445	6180
3529895525	3300
3529895563	4380
3529895637	5480
3529895660	5980
3529895711	300
3529895737	140
3529895742	640
3529895770	1200
3529895774	1800
3529895841	440
3529895966	980
3529896077	9200
3529896114	760
3529896116	1780
3529896132	1800
3529896167	5240
3529896180	500
3529896256	2380
3529896323	6880
3529896379	5240
3529896402	2480
3529896402	1740
3529896424	1720
3529896453	600
3529896522	2120
3529896524	4840
